# version 2
# time, mass, jx, jy, jz, px, py, pz
9.117049999999999876e-01  4.855819999999999755e+33 -3.179959291712439084e+47 -8.800945899299131648e+46 -4.886508131183978519e+45 -1.353641389862672808e+41  5.148461061446607685e+40 -1.115355651216065419e+41
9.377820083146728436e-01  4.868820005543115209e+33 -3.107791684928897204e+47 -8.614324927826990863e+46 -6.926033887460059573e+45 -1.531082235905542756e+41  7.253372187418522866e+40 -1.182305513995727369e+41
9.657216600803937290e-01  4.888239773386929413e+33 -3.019679134905894700e+47 -8.378358823480902238e+46 -1.018219225811764155e+46 -1.625530801522652710e+41  7.647881610143135482e+40 -1.232835349154795632e+41
9.917986683950665849e-01  4.911249778930044383e+33 -2.928128297115769932e+47 -8.130405312610613456e+46 -1.403313198118042897e+46 -1.637330010117009841e+41  7.410692053368415028e+40 -1.252530019176190744e+41
1.019738320160787470e+00  4.936019160080393485e+33 -2.820546163478923068e+47 -7.832920951135828437e+46 -1.900554505606832192e+46 -1.629739938157160085e+41  7.176768347209189772e+40 -1.275217900418110392e+41
1.049540615377556607e+00  4.962860615377556669e+33 -2.694356995154220675e+47 -7.470094483900451033e+46 -2.527195816892156279e+46 -1.622117143295905209e+41  7.042175738796219664e+40 -1.293116623042437944e+41
1.079342910594325522e+00  4.987941455297162794e+33 -2.555246238779242046e+47 -7.053500409222229032e+46 -3.253830436656365751e+46 -1.609150216749791468e+41  6.926273681471774837e+40 -1.304050026718357279e+41
1.109145205811094437e+00  5.012707602905547613e+33 -2.402395402227160864e+47 -6.589673426478465401e+46 -4.082317135207726031e+46 -1.605448054736687270e+41  6.867148741140708335e+40 -1.304675554495912667e+41
1.140810144478911603e+00  5.038090144478911721e+33 -2.225702811795219340e+47 -6.060873304720781224e+46 -5.059876493012823295e+46 -1.614256952980431256e+41  6.852571135553033148e+40 -1.307878650984095201e+41
1.172475083146728547e+00  5.062235083146728534e+33 -1.887549223325336700e+47 -4.774898484050952259e+46 -6.482985566105509127e+46 -1.626060552881176660e+41  6.727450943481319225e+40 -1.305173235527891362e+41
1.206002665265593743e+00  5.086301332632797152e+33 -2.915572641657469826e+47  1.358247603305537426e+46 -9.674530192715338854e+46 -1.640552177674709382e+41  6.519492480235340226e+40 -1.305153004106401117e+41
1.239530247384458717e+00  5.108450247384458527e+33 -4.314595856196221690e+47  2.830275542261413617e+47 -2.270628281805232298e+47 -1.642045036648190651e+41  6.276406600384863773e+40 -1.310674729713209044e+41
1.274920472954371942e+00  5.131100236477186018e+33 -4.660168882649654722e+47  7.424370192277648820e+47 -4.211565519428718325e+47 -1.636622767610124107e+41  6.102828559483508436e+40 -1.314846217604749824e+41
1.310310698524285167e+00  5.153780000000000077e+33 -3.754094553199882640e+47  1.259721915804078248e+48 -5.466224017151576045e+47 -1.643783460126603856e+41  5.869618266798572713e+40 -1.323294624488326584e+41
1.347563567545246421e+00  5.177711783772623125e+33 -2.952657760472325115e+47  1.875636989158678212e+48 -5.150460550266760418e+47 -1.665250219688169557e+41  5.623636964166936163e+40 -1.332364473145810305e+41
1.388541723468303735e+00  5.203860861734152639e+33 -4.918447710059595705e+47  2.424708608082100503e+48 -2.517490559179045622e+47 -1.685400552635277640e+41  5.549265808659922547e+40 -1.340563841001073628e+41
1.425794592489264989e+00  5.226482296244631735e+33 -7.641185465906209010e+47  2.800808584646272379e+48  1.085515003048795135e+47 -1.698951704900575171e+41  5.524695181707861728e+40 -1.350060718382813378e+41
1.466772748412322303e+00  5.250501374206161019e+33 -9.633768973775500620e+47  3.306796936377310237e+48  4.571225233876804249e+47 -1.707059472421166357e+41  5.458786685464882114e+40 -1.371565185758624350e+41
1.507750904335379616e+00  5.273530452167689748e+33 -1.039582478327009317e+48  3.804199652988390320e+48  6.743625013927317365e+47 -1.715896601668665914e+41  5.425530040086500162e+40 -1.394406898907744896e+41
1.548729060258436929e+00  5.295039530129217754e+33 -1.064018182746386191e+48  4.076175771769671959e+48  8.256338996004348640e+47 -1.721160499873684238e+41  5.373616597492870284e+40 -1.416390834292228926e+41
1.593432503083590301e+00  5.319381251541795533e+33 -9.572010192823477627e+47  4.065849104994237762e+48  8.996749316017525131e+47 -1.730023234678404857e+41  5.278109214630199207e+40 -1.433841018224516698e+41
1.638135945908743896e+00  5.343047972954372359e+33 -7.057013500690811982e+47  3.850790369556721481e+48  8.163299556829072404e+47 -1.729911253853116375e+41  5.178093321587058535e+40 -1.456033744937135451e+41
1.686564675635993549e+00  5.367422337817997062e+33 -4.578496731588326552e+47  3.573209444719002169e+48  5.595260201428051148e+47 -1.732569332632492903e+41  5.111468526419750812e+40 -1.469901561084023954e+41
1.731268118461146921e+00  5.387929059230573144e+33 -3.711068856058704509e+47  3.266158987051706533e+48  2.968371470297469263e+47 -1.734143666872013581e+41  4.963420770409208469e+40 -1.485709587885848032e+41
1.783422135090492633e+00  5.409491067545245935e+33 -4.259038659858082353e+47  2.921380354312513501e+48  2.025257861618188448e+46 -1.725451999294757374e+41  5.059430209782893551e+40 -1.516415866321567676e+41
1.831850864817742286e+00  5.428930000000000381e+33 -4.965037021683580331e+47  2.688237084116127627e+48 -2.299858113253744025e+47 -1.754237296580253197e+41  5.239799317967132874e+40 -1.529868566335734600e+41
1.884004881447087998e+00  5.451539999999999454e+33 -4.958145689358978982e+47  2.460594131152125766e+48 -4.518646607453179234e+47 -1.743358101250418189e+41  5.192072981604676140e+40 -1.531185467790806176e+41
1.936158898076433710e+00  5.475349449038216200e+33 -4.545016666117714505e+47  2.229236322573939647e+48 -6.126908942602013917e+47 -1.752378526923555237e+41  5.140875051883137009e+40 -1.543828180837194925e+41
1.992038201607875481e+00  5.504359100803938207e+33 -4.166074683484355956e+47  1.994979872828877877e+48 -7.285102692360822598e+47 -1.755768557472048531e+41  5.198118001604074453e+40 -1.539693748378796898e+41
2.047917505139317473e+00  5.535708752569658065e+33 -3.903079624133644049e+47  1.782657673002614697e+48 -7.997248466749310232e+47 -1.751985022835022198e+41  5.257373660475035008e+40 -1.560356099511544420e+41
2.103796808670759244e+00  5.561588404335379730e+33 -3.686967577327270388e+47  1.592344723489760946e+48 -8.336305257409892565e+47 -1.758144709116792935e+41  5.280887049559850314e+40 -1.572251536842557751e+41
2.163401399104297074e+00  5.588090000000000025e+33 -3.423837599687114360e+47  1.419574761099062922e+48 -8.354912051663764531e+47 -1.769330041337814723e+41  5.334398154244921533e+40 -1.585622377075195645e+41
2.226731276439931406e+00  5.615080638219966094e+33 -3.283922199265013831e+47  1.268776616875901545e+48 -8.229478275837437968e+47 -1.780852431250093130e+41  5.374996112620408465e+40 -1.594965550613347584e+41
2.290061153775565295e+00  5.640530576887783061e+33 -3.340682748062158302e+47  1.147926865244614817e+48 -8.137428046303807356e+47 -1.792243918765445524e+41  5.418493716296088210e+40 -1.603528886131556658e+41
2.353391031111199183e+00  5.664649999999999823e+33 -3.387000416781899216e+47  1.062403603466324433e+48 -8.117155877804763673e+47 -1.801960515626764286e+41  5.477680498693424273e+40 -1.613205482999473884e+41
2.420446195348929574e+00  5.689128097674463830e+33 -3.330152186095636332e+47  1.007673484656894832e+48 -8.121277392778376793e+47 -1.813912398465432799e+41  5.546514561611424167e+40 -1.623822198076460072e+41
2.487501359586659966e+00  5.712859999999999898e+33 -3.150773913740710891e+47  9.800164999926449036e+47 -8.105990085541296506e+47 -1.826417909587901258e+41  5.603575247177506876e+40 -1.635837800936573915e+41
2.558281810726485972e+00  5.737480000000000480e+33 -2.858753018461229783e+47  9.688777479367140139e+47 -8.065001916095895570e+47 -1.835870676756250361e+41  5.675794546266427892e+40 -1.648599618811905599e+41
2.632787548768408925e+00  5.763198774384203540e+33 -2.441487987794957099e+47  9.593835959493713222e+47 -7.980288518314230044e+47 -1.847895216130353797e+41  5.725978083823407183e+40 -1.661937817547969503e+41
2.703567999908234931e+00  5.787638999954117278e+33 -1.938514967520772382e+47  9.504809897391582163e+47 -7.888542225427326406e+47 -1.856065453519994008e+41  5.804648048143554151e+40 -1.672584905183969591e+41
2.781799024852253499e+00  5.814469512426127127e+33 -1.310778312299158948e+47  9.488525857157850673e+47 -7.747619825116470178e+47 -1.866110913740059928e+41  5.886015879720862611e+40 -1.684669759173694124e+41
2.863755336698368126e+00  5.842537668349183870e+33 -6.348229267222681277e+46  9.608491838551324776e+47 -7.518086769349719403e+47 -1.873253926680733393e+41  5.979635826286383877e+40 -1.698637000672368768e+41
2.945711648544482752e+00  5.870639999999999538e+33  1.817023710508823237e+45  9.866580054045285321e+47 -7.185654730789280165e+47 -1.879380453956073184e+41  6.050490513934605734e+40 -1.710414520629882648e+41
3.023942673488501320e+00  5.897420000000000176e+33  5.689987059629865784e+46  1.023440395475384597e+48 -6.781215941826201492e+47 -1.885918666100767924e+41  6.105133795343181052e+40 -1.720147105459248174e+41
3.109624272236712450e+00  5.926722136118356138e+33  1.055891565896547071e+47  1.075018609084070318e+48 -6.207190270945872963e+47 -1.889981974171983208e+41  6.179223370523454274e+40 -1.730477328704490171e+41
3.199031157887019194e+00  5.957319999999999747e+33  1.481654770487707214e+47  1.134601503557949214e+48 -5.466991028174451671e+47 -1.892898020731383352e+41  6.264474770683987070e+40 -1.742369628681035014e+41
3.288438043537326383e+00  5.988150000000000344e+33  1.845634662561405741e+47  1.199612078315447838e+48 -4.649778374012508690e+47 -1.900412838504718612e+41  6.333525002870195650e+40 -1.752545067341325737e+41
3.385295502991825245e+00  6.021569999999999830e+33  2.223624912572441708e+47  1.275529099458893837e+48 -3.649820390193353296e+47 -1.909547441710390642e+41  6.420367643897650505e+40 -1.764726812721526740e+41
3.474702388642132433e+00  6.052481194321066895e+33  2.607854836859750648e+47  1.347142948850510188e+48 -2.633754819965466196e+47 -1.918301627254002843e+41  6.494752938018565024e+40 -1.776830032837058974e+41
3.579010421900823857e+00  6.088660421900823879e+33  3.121181316068682200e+47  1.433349936490011687e+48 -1.350486493552227920e+47 -1.926977669129994382e+41  6.583036252404409556e+40 -1.791774083437951934e+41
3.675867881355323163e+00  6.122390000000000008e+33  3.611053891486997572e+47  1.517086746045550668e+48 -3.750484049658988677e+45 -1.932547103434169524e+41  6.646267225415869261e+40 -1.804508334701003741e+41
3.780175914614014587e+00  6.158657957307007225e+33  4.139306110805124718e+47  1.613591353450603926e+48  1.462594161908920032e+47 -1.935449945671474100e+41  6.683539330130158544e+40 -1.817498795019618167e+41
3.884483947872706011e+00  6.194891973936352923e+33  4.718253142534380702e+47  1.717047444911412062e+48  3.028797992295229750e+47 -1.934686583647612835e+41  6.681101071608668469e+40 -1.829608407898332796e+41
3.996242554935589553e+00  6.233591277467794581e+33  5.354280277030397963e+47  1.841247864949641277e+48  4.736405352092304108e+47 -1.930365279507497763e+41  6.642716096788003249e+40 -1.843220941655767106e+41
4.108001161998473094e+00  6.272399999999999528e+33  6.039221097721711284e+47  1.982333618625582572e+48  6.413551466554366782e+47 -1.933924823287812326e+41  6.609865027698936581e+40 -1.857196296323815687e+41
4.227210342865548753e+00  6.313390342865548368e+33  6.855641984354390218e+47  2.150190057561736430e+48  8.188678129001601091e+47 -1.938354529755660740e+41  6.578116596404228432e+40 -1.873985614171369883e+41
4.346419523732624413e+00  6.354249761866312297e+33  7.819211668610511852e+47  2.333676841624881765e+48  9.905061347359382842e+47 -1.940291069921283770e+41  6.551220084810527920e+40 -1.889710988399816032e+41
4.465628704599700960e+00  6.394890000000000046e+33  8.990445433136981003e+47  2.532486862610584352e+48  1.150124473355773971e+48 -1.940297869828071237e+41  6.533303926352478533e+40 -1.898193436666706904e+41
4.592288459270969625e+00  6.437739999999999940e+33  1.046449781897042390e+48  2.759373619140588196e+48  1.304713024079332063e+48 -1.944544704738995700e+41  6.495609659825205977e+40 -1.909431743462064658e+41
4.726398787746429520e+00  6.482739999999999756e+33  1.220644247762570568e+48  3.008854951772579110e+48  1.456593200049659466e+48 -1.948709625697390943e+41  6.437099743430410209e+40 -1.923102612093026370e+41
4.860509116221889414e+00  6.527450000000000306e+33  1.413377322361233757e+48  3.264123948940029139e+48  1.598777733606365638e+48 -1.950815955922086225e+41  6.395547051486930021e+40 -1.936371939611947395e+41
4.994619444697351085e+00  6.571709999999999452e+33  1.625273420991845465e+48  3.522070212096907735e+48  1.731274712854357910e+48 -1.951496942273503508e+41  6.381074852566004063e+40 -1.950082731468872147e+41
5.136180346977003097e+00  6.617849999999999522e+33  1.858441335788058399e+48  3.792890801859941872e+48  1.864373691348298292e+48 -1.952333460416151976e+41  6.355237307386280336e+40 -1.963564544795929604e+41
5.277741249256655109e+00  6.663480624628327493e+33  2.102908005153773457e+48  4.063796429383665226e+48  1.988750604091478295e+48 -1.954450865154275089e+41  6.325324353104227472e+40 -1.978738331271514741e+41
5.441653872948885251e+00  6.715809999999999508e+33  2.396778993898767037e+48  4.377496897097209526e+48  2.118165308285668918e+48 -1.960782684062390901e+41  6.265304226313325356e+40 -1.998201485790661736e+41
5.583214775228537263e+00  6.760702387614269153e+33  2.647495744410826283e+48  4.639807067324536651e+48  2.218351981859776153e+48 -1.963465896068405700e+41  6.224650831379369689e+40 -2.016459121739710481e+41
5.739676825116575287e+00  6.809919999999999903e+33  2.920569584069452786e+48  4.917332784305394467e+48  2.319611053496239768e+48 -1.967268309938703182e+41  6.177031148629896111e+40 -2.035568152698507297e+41
5.903589448808803652e+00  6.860900000000000119e+33  3.208571725262486230e+48  5.188846037578000438e+48  2.407526886936638697e+48 -1.971033023737479222e+41  6.120069501258474121e+40 -2.056074615770111880e+41
6.067502072501033794e+00  6.911579999999999782e+33  3.494832265403717300e+48  5.446697123844312243e+48  2.473853098342867221e+48 -1.974996963935490912e+41  6.061656239100689589e+40 -2.074257458812392354e+41
6.246315843801648171e+00  6.966540000000000176e+33  3.809414165410156532e+48  5.723310762200092453e+48  2.526211742792345626e+48 -1.979160076652263441e+41  5.977450908615769421e+40 -2.094877884685139011e+41
6.425129615102260772e+00  7.021519999999999683e+33  4.118636168417456419e+48  5.994348244850861742e+48  2.564206403445342803e+48 -1.981842382820925492e+41  5.898221470799933466e+40 -2.111918569880181311e+41
6.603943386402875149e+00  7.076631693201437744e+33  4.428877064159602428e+48  6.260421181944949532e+48  2.590075176040079605e+48 -1.989325384966553070e+41  5.824943469685518520e+40 -2.128718407739840363e+41
6.782757157703489526e+00  7.131889999999999568e+33  4.753965763831617342e+48  6.528469261179310132e+48  2.606278192209302794e+48 -1.996929058897789647e+41  5.783050958638230721e+40 -2.146875385242542626e+41
6.976472076612488138e+00  7.191701038306243826e+33  5.099296636884203311e+48  6.824725525978973038e+48  2.605966040922172565e+48 -2.001660433678161287e+41  5.787206011066675866e+40 -2.167301643180787477e+41
7.185088143129870986e+00  7.255960000000000458e+33  5.444722089742891316e+48  7.138997778177537441e+48  2.569870100223697005e+48 -2.007676017276717990e+41  5.802358309110817597e+40 -2.189045520531821127e+41
7.378803062038869598e+00  7.315451531019435271e+33  5.739702628724657602e+48  7.434400020077894778e+48  2.517055816630254397e+48 -2.012864561864433776e+41  5.807769785351477966e+40 -2.208515108614601166e+41
7.587419128556252446e+00  7.379330000000000060e+33  6.038740125614979698e+48  7.767802189705692116e+48  2.453133179969397945e+48 -2.013885205555127285e+41  5.819398418096375334e+40 -2.227754910140965395e+41
7.810936342682019529e+00  7.447779999999999803e+33  6.338976665819837299e+48  8.144966312675734856e+48  2.386479007967346535e+48 -2.012323156570609568e+41  5.841540140132676416e+40 -2.247266105515701679e+41
8.019552409199402376e+00  7.511831204599700242e+33  6.577159766967703851e+48  8.512205974630081694e+48  2.337079265927013123e+48 -2.007732114818345013e+41  5.878212883474148928e+40 -2.265322018396271976e+41
8.257970770933553695e+00  7.585409999999999826e+33  6.777695560144825952e+48  8.920737556182491694e+48  2.286465218724484568e+48 -2.002045457867816098e+41  5.948072725281619114e+40 -2.287544848838161975e+41
8.481487985059320778e+00  7.655120000000000274e+33  6.911660283483352567e+48  9.273861458029002870e+48  2.224403396290554210e+48 -1.998042478086002352e+41  6.012881370477253638e+40 -2.307569177320151773e+41
8.719906346793472096e+00  7.730188782264490170e+33  6.995650846961023042e+48  9.624071876071327555e+48  2.158576310900176614e+48 -1.991017508066591359e+41  6.042479389181479598e+40 -2.321250823747782007e+41
8.973225856136009426e+00  7.810019999999999456e+33  7.017457656093753428e+48  9.956872575094104490e+48  2.132476404069114887e+48 -1.979744987062030793e+41  6.073168038737840727e+40 -2.332772150736092496e+41
9.226545365478544980e+00  7.890037682739273022e+33  6.985877201411580982e+48  1.025351035558918449e+49  2.165611298448269667e+48 -1.968779678725110293e+41  6.086615289840513451e+40 -2.343195919989142067e+41
9.479864874821082310e+00  7.970222437410541285e+33  6.918148491506463315e+48  1.054726256667243514e+49  2.237024884369280574e+48 -1.957524131523387617e+41  6.079457136386771062e+40 -2.352802444413845926e+41
9.748085531772002099e+00  8.055490000000000126e+33  6.799013530192931927e+48  1.086857028497923905e+49  2.332015764920773456e+48 -1.945284939894502548e+41  6.083648158334437128e+40 -2.362201902194651746e+41
1.003120733633130790e+01  8.145830733633130058e+33  6.602929806292662764e+48  1.121904712708485217e+49  2.424807598628481089e+48 -1.932659442460071879e+41  6.056307163089549941e+40 -2.368946630628751817e+41
1.031432914089061370e+01  8.236565828178122779e+33  6.345918821327207742e+48  1.155581791957560710e+49  2.507839831743757603e+48 -1.913768493351123104e+41  6.006423718859129953e+40 -2.373886597000820390e+41
1.059745094544991773e+01  8.328160378179966614e+33  6.050722770530341630e+48  1.186512579490230819e+49  2.596987524120087268e+48 -1.885289066034601608e+41  5.924496579110822573e+40 -2.377871403005943117e+41
1.089547389761760776e+01  8.425324338570565210e+33  5.684044898102021916e+48  1.216722037414203112e+49  2.669041355714452518e+48 -1.853363467146559657e+41  5.831872904108186820e+40 -2.386242480359844156e+41
1.122329914500206627e+01  8.532929658000825621e+33  5.148030265675272069e+48  1.242746099429583745e+49  2.708894662150941335e+48 -1.821692840714078250e+41  5.749231165651732727e+40 -2.394554390203408531e+41
1.152132209716975630e+01  8.631214419433951870e+33  4.562048952775496092e+48  1.261132514629120526e+49  2.693548302700931616e+48 -1.803354378569814643e+41  5.708506548242833690e+40 -2.399147288291211005e+41
1.184914734455421481e+01  8.739438937821685986e+33  3.888799836081575835e+48  1.277130224101977194e+49  2.600315635688387639e+48 -1.783437094436431218e+41  5.656870021400684286e+40 -2.401404862048871151e+41
1.220677488715544357e+01  8.858079954862178052e+33  3.162156513255371752e+48  1.288806547182802355e+49  2.462070586464253095e+48 -1.754538737640106296e+41  5.583368601912559629e+40 -2.401752850724574242e+41
1.253460013453990207e+01  8.967530067269950913e+33  2.553359948722295001e+48  1.300206502192919810e+49  2.368698995675296068e+48 -1.723227133469290967e+41  5.491339685397715755e+40 -2.397277232406690289e+41
1.289222767714112905e+01  9.087718303142338170e+33  1.980893304749581193e+48  1.320130691278373709e+49  2.341330386530035594e+48 -1.689519382534077944e+41  5.371477636557722671e+40 -2.401645683110740357e+41
1.324985521974235780e+01  9.208062087896942553e+33  1.467969179970367254e+48  1.346963889149190304e+49  2.391076028255280094e+48 -1.660552142059726794e+41  5.307245589580416219e+40 -2.409185934873181946e+41
1.363728505756035503e+01  9.338517011512070725e+33  9.616607437868252006e+47  1.375435727272114615e+49  2.473811148850785576e+48 -1.632495770279558172e+41  5.230719169577982734e+40 -2.412756137538060047e+41
1.400981374776996624e+01  9.463894124330988879e+33  5.136830809505737629e+47  1.396361591006792731e+49  2.550051006527159704e+48 -1.606288805106976464e+41  5.137538843824581854e+40 -2.415130719860321041e+41
1.441214473319634770e+01  9.599227893278538871e+33  5.451769413253697240e+46  1.418593455580721919e+49  2.632306370459284718e+48 -1.577013131118974069e+41  5.030191360268163742e+40 -2.419971905623483452e+41
1.482937686623111340e+01  9.739537686623111209e+33 -3.732566147675706780e+47  1.438730393376702184e+49  2.755221817228665745e+48 -1.551869839485393440e+41  4.966723899038422132e+40 -2.426794834312104906e+41
1.524660899926587909e+01  9.879392699779763528e+33 -7.485303299749863106e+47  1.441222992660368432e+49  2.894679845251831266e+48 -1.528721269309950160e+41  4.927022351870517348e+40 -2.431638549610239011e+41
1.566384113230064479e+01  1.001850000000000007e+34 -1.111797154211351193e+48  1.425143093358560917e+49  2.992364742449366495e+48 -1.503924017133174584e+41  4.928954657571137156e+40 -2.435067122162985720e+41
1.611087556055218073e+01  1.016700000000000016e+34 -1.446830251936643206e+48  1.392614543369235200e+49  3.064723441999081979e+48 -1.483708261134922575e+41  4.903710949190242548e+40 -2.442149778854703701e+41
1.655790998880371490e+01  1.031460998880371512e+34 -1.715648889329462346e+48  1.348496957155319109e+49  3.167892438363938470e+48 -1.455717978820182491e+41  4.915045382640053319e+40 -2.454357378987730681e+41
1.703474671227202109e+01  1.047120000000000090e+34 -1.969774990475534920e+48  1.294680893096324972e+49  3.370539814963702355e+48 -1.422978837506874499e+41  4.948056890898264432e+40 -2.469180565133808834e+41
1.751158343574032372e+01  1.062698343574032235e+34 -2.229344390611637649e+48  1.246283921187931685e+49  3.581761659084793517e+48 -1.394324383792812238e+41  4.952920491533736645e+40 -2.478976281429193738e+41
1.801822245442539483e+01  1.079162245442539516e+34 -2.516927746706418342e+48  1.211786441567295577e+49  3.832872765534708746e+48 -1.364648045708142135e+41  4.954196770395434848e+40 -2.482773929536369194e+41
1.852486147311046949e+01  1.095539999999999975e+34 -2.819507087355850244e+48  1.188763972047954704e+49  4.185415310239635919e+48 -1.340919864603725365e+41  4.963335935400794752e+40 -2.484256598503602342e+41
1.903150049179554060e+01  1.111750049179553914e+34 -3.213887556923865067e+48  1.181338611691842170e+49  4.541752076641158844e+48 -1.314563620642528717e+41  4.896811648580422530e+40 -2.489023831189126732e+41
1.956794180569738373e+01  1.128754180569738188e+34 -3.800408583569191881e+48  1.204823449038518695e+49  4.889836528372856526e+48 -1.285783784263455033e+41  4.820630285380351784e+40 -2.499250416354644726e+41
2.013418541481599533e+01  1.146518541481599628e+34 -4.612759365243285008e+48  1.242555882176409171e+49  5.323404887019996412e+48 -1.247099335784231115e+41  4.699338321333231460e+40 -2.513390097262655811e+41
2.070042902393460338e+01  1.164279999999999906e+34 -5.449681391048397204e+48  1.284799419114840919e+49  5.754617523949880507e+48 -1.223751192215506767e+41  4.611276230168147882e+40 -2.521404704556811129e+41
2.126667263305321498e+01  1.181867263305321485e+34 -6.198050718418117623e+48  1.332274583801207057e+49  5.991928175055002458e+48 -1.199070064615566631e+41  4.512302218337835989e+40 -2.521023914338214502e+41
2.189252083260536352e+01  1.201119999999999921e+34 -7.014507703565927903e+48  1.374159035170260510e+49  6.096984786211343051e+48 -1.167319514804795646e+41  4.438308908783825731e+40 -2.520006613663762470e+41
2.248856673694074360e+01  1.219306673694074377e+34 -7.596008854483102388e+48  1.418159301465035726e+49  6.265481681656315406e+48 -1.131044184779433182e+41  4.379591917697264965e+40 -2.518431245085608056e+41
2.314421723170966061e+01  1.239090000000000056e+34 -7.814160172668162492e+48  1.494226647311905479e+49  6.577359094309824356e+48 -1.095241727635299332e+41  4.273276000323265930e+40 -2.510820755771258424e+41
2.379986772647857762e+01  1.258580000000000073e+34 -7.842665419199593049e+48  1.611118145369147337e+49  6.771503283840889879e+48 -1.065227286978875165e+41  4.184199414497442218e+40 -2.505765242882572100e+41
2.445551822124749464e+01  1.277791822124749354e+34 -7.823974793709279358e+48  1.768450466266012620e+49  6.722647401924973600e+48 -1.046776313910186339e+41  4.118243156399616342e+40 -2.499817964065168930e+41
2.517077330644995214e+01  1.298409999999999943e+34 -7.830639549482387930e+48  1.961599694829377069e+49  6.560863634625571497e+48 -1.034377591425927964e+41  4.128419479458314207e+40 -2.485713835919513182e+41
2.588602839165240610e+01  1.318589999999999962e+34 -7.901053353757128595e+48  2.159075221819337196e+49  6.335701885423348543e+48 -1.019651001250344172e+41  4.100547378328786818e+40 -2.467459596836291415e+41
2.660128347685486361e+01  1.338430000000000046e+34 -7.931766173333892699e+48  2.356550845098796087e+49  6.032520933625037719e+48 -1.008294030864080717e+41  4.091397146663810526e+40 -2.454517637743342439e+41
2.737614315249085450e+01  1.359560000000000085e+34 -8.093943212761933149e+48  2.572170439596377855e+49  5.648033472688973463e+48 -9.937458608114634065e+40  4.060943614003129700e+40 -2.440471874917506013e+41
2.815100282812684895e+01  1.380349999999999958e+34 -8.505689979345637291e+48  2.774249313851633640e+49  5.271302156378862326e+48 -9.843885267942418141e+40  4.028809403675431531e+40 -2.437994817593786585e+41
2.892586250376284340e+01  1.400766250376284548e+34 -9.182946605034480080e+48  2.941985289927497392e+49  4.914367562762429294e+48 -9.775063662175429314e+40  3.967170370561395356e+40 -2.434786751953673334e+41
2.976032676983237479e+01  1.422372676983237503e+34 -1.010948145699592816e+49  3.111761522735065472e+49  4.505022697513512824e+48 -9.689578066883944774e+40  3.871611362335361132e+40 -2.419557836157029217e+41
3.056498874068513771e+01  1.442880000000000104e+34 -1.099730962222256586e+49  3.298811020790077139e+49  4.111721969805427972e+48 -9.632736246513272812e+40  3.773088872060225021e+40 -2.397739084804433024e+41
3.142925530197143758e+01  1.464470000000000066e+34 -1.190212037113484034e+49  3.513254998472260476e+49  3.716394808372530650e+48 -9.567527268494400157e+40  3.663137890697166110e+40 -2.359669702173307987e+41
3.232332415847450591e+01  1.486390000000000059e+34 -1.264387922149912149e+49  3.718478456821246050e+49  3.327434104076543823e+48 -9.467488749919128798e+40  3.549268519685938049e+40 -2.323060825634080351e+41
3.321739301497757424e+01  1.507740000000000041e+34 -1.316076208772154646e+49  3.900490983505886051e+49  2.964283077317401538e+48 -9.389108855351204195e+40  3.459623111278756464e+40 -2.292023304594266967e+41
3.417106646191417951e+01  1.529769999999999891e+34 -1.342492413850803757e+49  4.072449683326610385e+49  2.622578226390343230e+48 -9.337702560399413308e+40  3.393031826752094497e+40 -2.265887344367882537e+41
3.512473990885078479e+01  1.551010000000000016e+34 -1.335169342482084364e+49  4.208041851825316095e+49  2.290337431363474925e+48 -9.299072743419573550e+40  3.355141494694059271e+40 -2.243820956565063343e+41
3.613801794622093411e+01  1.572769999999999946e+34 -1.308546267663381306e+49  4.293433105012510657e+49  1.970269439368816435e+48 -9.247900581239504008e+40  3.311909600684763552e+40 -2.220588351312139588e+41
3.715129598359107632e+01  1.593829999999999970e+34 -1.267623939149433082e+49  4.367475461763978843e+49  1.708870434845415112e+48 -9.156511400901326481e+40  3.261788591603950504e+40 -2.204799965226977010e+41
3.822417861139476258e+01  1.615340000000000016e+34 -1.208103437096172505e+49  4.466579253914797834e+49  1.486691301350146527e+48 -9.161939158437264352e+40  3.209918733591879335e+40 -2.187089440522181257e+41
3.929706123919844174e+01  1.636099999999999950e+34 -1.130880645968880823e+49  4.559953434103892588e+49  1.310666427691630203e+48 -9.145370748708768913e+40  3.185599524901501078e+40 -2.164157443721192925e+41
4.042954845743566494e+01  1.657300000000000001e+34 -1.049988897903384046e+49  4.639804187102157371e+49  1.166990568058007189e+48 -9.098252683192504122e+40  3.154797738342045113e+40 -2.132468924543729404e+41
4.156203567567288815e+01  1.677860000000000028e+34 -9.874758274551223529e+48  4.693854492382718388e+49  1.092792987961741510e+48 -9.006529251923984008e+40  3.123110602631436198e+40 -2.096322301570508367e+41
4.269452289391011135e+01  1.697850000000000043e+34 -9.483402614680335174e+48  4.732381286841235330e+49  1.052271302045506970e+48 -8.910435474234867811e+40  3.051960344517341597e+40 -2.057612638001782260e+41
4.394621929301440844e+01  1.719279999999999942e+34 -9.255322774169628462e+48  4.759331546133143350e+49  1.059508585464097287e+48 -8.866532813662194943e+40  2.931575533879213309e+40 -2.018120259684401168e+41
4.513831110168516858e+01  1.739009999999999939e+34 -8.999790244202661687e+48  4.755689570438274723e+49  1.128537089968041649e+48 -8.825999842652832666e+40  2.854179934626925597e+40 -1.981641242144629511e+41
4.644961209122300261e+01  1.759990000000000047e+34 -8.760643602594285071e+48  4.712919134686689693e+49  1.278698847274016110e+48 -8.762043139954233423e+40  2.754460106846628233e+40 -1.940812392778993900e+41
4.776091308076083664e+01  1.780209999999999909e+34 -8.509578582312775744e+48  4.635036964175399678e+49  1.437319883441137103e+48 -8.684982784849299834e+40  2.666628783625259442e+40 -1.903917708592279647e+41
4.907221407029867066e+01  1.799649999999999950e+34 -8.084842416407131603e+48  4.522372052480628756e+49  1.518639303746613674e+48 -8.626254572475039697e+40  2.608965266347263474e+40 -1.873014588034271259e+41
5.050272424070357857e+01  1.819960000000000092e+34 -7.529740016723426157e+48  4.368612938425800000e+49  1.544365550034360460e+48 -8.578100574601837240e+40  2.591566106419255172e+40 -1.844211564664942566e+41
5.193323441110849359e+01  1.839410000000000036e+34 -6.976653230344742869e+48  4.187155877782840123e+49  1.471582587699430793e+48 -8.548036664443202833e+40  2.576588798892236473e+40 -1.817450447351080135e+41
5.336374458151340150e+01  1.858070000000000024e+34 -6.510514595336528413e+48  3.990616904177667253e+49  1.322133593056182886e+48 -8.497556955812700110e+40  2.548160943321236932e+40 -1.792909449014359558e+41
5.491346393278539040e+01  1.877479999999999894e+34 -5.983761359497350214e+48  3.780798566127676990e+49  1.101755214714371805e+48 -8.447778853690026892e+40  2.531617421295611682e+40 -1.761926189173588967e+41
5.646318328405737930e+01  1.896179999999999956e+34 -5.475502367110326169e+48  3.587274037996370587e+49  9.300968751602793986e+47 -8.360703076121825517e+40  2.531268537008010587e+40 -1.728769812770794742e+41
5.801290263532936820e+01  1.914219999999999956e+34 -5.076710480628837809e+48  3.411126218298394985e+49  8.935385559415489687e+47 -8.266851674968148600e+40  2.515440976472491023e+40 -1.694965705221209436e+41
5.968183116746843098e+01  1.932960000000000092e+34 -4.703002911129971847e+48  3.236061073090402674e+49  9.580287806579354843e+47 -8.107915869899907831e+40  2.496052984530282513e+40 -1.658299234883345730e+41
6.135075969960749376e+01  1.950989999999999958e+34 -4.455576080546878239e+48  3.077712156736378936e+49  1.132955861579762728e+48 -7.951519100247628483e+40  2.444101398827352455e+40 -1.618615935205519388e+41
6.313889741261363042e+01  1.969570000000000029e+34 -4.240934345241725558e+48  2.923682228477280697e+49  1.379728035879847416e+48 -7.756290288214797781e+40  2.391793106165410729e+40 -1.575791514098835192e+41
6.492703512561976709e+01  1.987460000000000099e+34 -4.029816697092249215e+48  2.786007788042852039e+49  1.611087586609762673e+48 -7.590254348294984561e+40  2.352423145507997107e+40 -1.538259300210694440e+41
6.671517283862590375e+01  2.004629999999999997e+34 -3.828418085078193793e+48  2.666936724937097443e+49  1.756462340163614906e+48 -7.423035702132739815e+40  2.308817031114351464e+40 -1.501406420022386572e+41
6.862251973249912851e+01  2.022221973249912485e+34 -3.507755514120468471e+48  2.564201171000130300e+49  1.821407980331321388e+48 -7.243977499509612741e+40  2.274002511123530635e+40 -1.464488137994221086e+41
7.052986662637233906e+01  2.039099999999999916e+34 -3.109852688766209889e+48  2.484518099089789901e+49  1.846885593287828039e+48 -7.081722037771586125e+40  2.232008827240989236e+40 -1.428432449905752341e+41
7.255642270111262349e+01  2.056279999999999947e+34 -2.677149144326624449e+48  2.422158584739355065e+49  1.821777812177232452e+48 -6.917526865460811117e+40  2.200541999064458942e+40 -1.391360528004906868e+41
7.453827533302776942e+01  2.072389999999999969e+34 -2.097593998214429677e+48  2.374544820744887443e+49  1.694994785387085515e+48 -6.752181890113042143e+40  2.174192452005074321e+40 -1.356788059608725663e+41
7.672874403146028044e+01  2.089400000000000033e+34 -1.266903044276282049e+48  2.327513683194219682e+49  1.435434520034423550e+48 -6.567492332978102956e+40  2.138572543442950521e+40 -1.322291332609794944e+41
7.887450928706765296e+01  2.105259999999999940e+34 -3.734710165312747909e+47  2.282932992735324279e+49  1.071978311202079543e+48 -6.393085648715710842e+40  2.112516753381709062e+40 -1.289557998721666192e+41
8.113948372354209937e+01  2.121149999999999788e+34  5.164609959142690775e+47  2.234264738276026611e+49  5.778019001472047026e+47 -6.221156989545189213e+40  2.083887350307646746e+40 -1.257595746066386223e+41
8.340445816001653156e+01  2.136240000000000007e+34  1.279238465187687664e+48  2.191197122356770633e+49 -9.622356701982017442e+45 -6.076261301032844978e+40  2.052055356820839506e+40 -1.230719061564550378e+41
8.578864177735805185e+01  2.151260000000000213e+34  2.088375617368604731e+48  2.153921760481608291e+49 -6.982382922843266297e+47 -5.961226710911724141e+40  2.027343651126268243e+40 -1.208839986260676953e+41
8.817282539469957214e+01  2.165439999999999796e+34  3.041762385975203103e+48  2.118540629160717859e+49 -1.469970167940902838e+48 -5.870332406633316641e+40  2.016402786110785265e+40 -1.192322592382729552e+41
9.079542737377524020e+01  2.180150000000000008e+34  4.103494280847262553e+48  2.077703659922876017e+49 -2.357225600639609562e+48 -5.809717222719683368e+40  2.013692321195367690e+40 -1.179340502568416853e+41
9.317961099111676049e+01  2.192790000000000214e+34  4.968639447832709389e+48  2.042356746647540438e+49 -3.157985121238787483e+48 -5.788263669739346842e+40  2.021018753511359014e+40 -1.170566652754938127e+41
9.580221297019242854e+01  2.205969999999999801e+34  5.843001899954262524e+48  2.015860661712275385e+49 -4.032225934635558478e+48 -5.789276736978666211e+40  2.042052709634427140e+40 -1.163642490706846958e+41
9.866323331100225857e+01  2.219599999999999869e+34  6.712197277971859895e+48  1.994174737820612827e+49 -4.948268633176181862e+48 -5.799355810481916542e+40  2.065532566670934167e+40 -1.158157736772589249e+41
1.012858352900779266e+02  2.231478352900779252e+34  7.549869202210602297e+48  1.975090869350398865e+49 -5.777051251493469370e+48 -5.819129142258689860e+40  2.080718629910603144e+40 -1.154389720549759859e+41
1.041468556308877424e+02  2.243848556308877305e+34  8.471169936541183080e+48  1.954144252271447774e+49 -6.648982416658124104e+48 -5.834651698072086024e+40  2.088661896004439920e+40 -1.149454057406515634e+41
1.072462943334317202e+02  2.256642943334316937e+34  9.415872134767710285e+48  1.927308525795269809e+49 -7.545394550096095139e+48 -5.834137918332417917e+40  2.083992193492901454e+40 -1.143070620301162175e+41
1.103457330359756980e+02  2.268887330359757055e+34  1.020982228731070644e+49  1.903492615195715246e+49 -8.345640706496738337e+48 -5.811074534023856645e+40  2.069129819184381158e+40 -1.132566394788813353e+41
1.132663579672190508e+02  2.279973579672190712e+34  1.086518638142381999e+49  1.885833095905249507e+49 -9.007465818036074572e+48 -5.777018054678114648e+40  2.051211233722086829e+40 -1.120471903559189161e+41
1.165446104410636394e+02  2.291976104410636560e+34  1.160183913868407143e+49  1.870012156786504975e+49 -9.711426935956793975e+48 -5.721911715216573365e+40  2.031867925084012735e+40 -1.103273783759391141e+41
1.198824675053417650e+02  2.303759999999999820e+34  1.231464148906007367e+49  1.862989109839326182e+49 -1.036617472455927529e+49 -5.649699685344494171e+40  2.005879460966470701e+40 -1.083233544142015688e+41
1.232203245696198906e+02  2.315143245696198613e+34  1.300513614306991896e+49  1.859466953226390683e+49 -1.094331461674017476e+49 -5.565673985007163414e+40  1.973227402424360301e+40 -1.060486609066641853e+41
1.267965999956321781e+02  2.326945999956321707e+34  1.367127775643462922e+49  1.854644411290617116e+49 -1.148520538800685950e+49 -5.449151561475789984e+40  1.931358848881544997e+40 -1.033551479344143995e+41
1.303728754216444656e+02  2.338369999999999997e+34  1.425036921083367097e+49  1.855261978784439651e+49 -1.194143625893932970e+49 -5.322183859927721124e+40  1.887268549981118104e+40 -1.003744643631827282e+41
1.339491508476567390e+02  2.349459999999999772e+34  1.472495696318670132e+49  1.859522948248326080e+49 -1.229558145493813197e+49 -5.182903215953959866e+40  1.839851876763870034e+40 -9.704038989935491719e+40
1.376446354545360862e+02  2.360590000000000081e+34  1.510189686424682802e+49  1.863715275991260628e+49 -1.259563525780330172e+49 -5.021305765221715506e+40  1.782101174550723308e+40 -9.339200057718432969e+40
1.415785384231496096e+02  2.372105384231495819e+34  1.543674141621985720e+49  1.867979331711120345e+49 -1.283065532399052582e+49 -4.837018511434418024e+40  1.710124807543250124e+40 -8.936690004228278873e+40
1.456316505726301784e+02  2.383640000000000195e+34  1.571892970523712198e+49  1.873440159026342965e+49 -1.298902007861672549e+49 -4.640680225280994141e+40  1.631564731233689929e+40 -8.509990228026907249e+40
1.496847627221107757e+02  2.394847627221107761e+34  1.594274475316007529e+49  1.881734540558648389e+49 -1.309883141808783406e+49 -4.429260594017499424e+40  1.557242858628548952e+40 -8.085941677985952691e+40
1.539762932333254923e+02  2.406370000000000180e+34  1.614445363569980857e+49  1.895892099122681331e+49 -1.313618679634720530e+49 -4.208292315844408942e+40  1.481436966044065307e+40 -7.651209297065808782e+40
1.582678237445402374e+02  2.417570000000000042e+34  1.632392385972607912e+49  1.905127136788065573e+49 -1.316206055549968294e+49 -3.985716981588411075e+40  1.411914038499951522e+40 -7.248202633994473930e+40
1.627977726174891018e+02  2.429049999999999958e+34  1.652622545720809354e+49  1.907915170561412872e+49 -1.316756493183129342e+49 -3.773373405663926368e+40  1.365746121062246075e+40 -6.856883207929612623e+40
1.673277214904379946e+02  2.440219999999999880e+34  1.673383663566483210e+49  1.911001925134189637e+49 -1.311883404061045489e+49 -3.565617802365927645e+40  1.315691388437726162e+40 -6.489606467265476992e+40
1.720960887251210352e+02  2.451670887251210389e+34  1.698168367562898136e+49  1.916047791838384283e+49 -1.303072530123423896e+49 -3.354594046065394790e+40  1.265525191232462719e+40 -6.115312745688826192e+40
1.768644559598040757e+02  2.462839999999999778e+34  1.723623750444143926e+49  1.910936007256157270e+49 -1.291628696879366376e+49 -3.157603923542032491e+40  1.216094177188434229e+40 -5.758364173342944419e+40
1.821096599179554119e+02  2.474816599179553726e+34  1.749994097100762738e+49  1.906828595048181878e+49 -1.277120252238603882e+49 -2.946141236355635427e+40  1.159823923001993756e+40 -5.374098400871355598e+40
1.873548638761067480e+02  2.486490000000000074e+34  1.777309232327622839e+49  1.918507648663255611e+49 -1.256560456594350422e+49 -2.752296328522891396e+40  1.110512716088692048e+40 -5.006121023419328076e+40
1.926000678342580841e+02  2.497880000000000170e+34  1.804598346602121172e+49  1.923469638016984689e+49 -1.236255294398191322e+49 -2.572758169907567818e+40  1.067328229914683797e+40 -4.646002720284842361e+40
1.977260626115423747e+02  2.508750626115423376e+34  1.833140058200399913e+49  1.925919531464570711e+49 -1.221016138460958357e+49 -2.410507647741736674e+40  1.023736814064555118e+40 -4.305383822124741477e+40
2.035673124740290802e+02  2.520829999999999869e+34  1.869573848678622277e+49  1.936148324020616584e+49 -1.208164863529459070e+49 -2.240002925961248219e+40  9.754311356285717527e+39 -3.926609601538518437e+40
2.092893531556487119e+02  2.532349999999999858e+34  1.895249022360128551e+49  1.946157830612591541e+49 -1.190420969042156042e+49 -2.087714490187383538e+40  9.401502408888819535e+39 -3.574255125596480976e+40
2.150113938372683720e+02  2.543729999999999821e+34  1.909327285794455678e+49  1.961223732940016459e+49 -1.165680393535186661e+49 -1.925133549415165535e+40  8.953571420938428880e+39 -3.219705092265076420e+40
2.212089440634227628e+02  2.555699888126845472e+34  1.924048999313739963e+49  1.979035625924965603e+49 -1.145121763399182627e+49 -1.867297880766037822e+40  8.839040329665110766e+39 -3.004538317159115862e+40
2.274064942895771253e+02  2.567210659052769673e+34  1.943313908111022745e+49  2.003390077651482080e+49 -1.132719460532374725e+49 -1.705892942206685561e+40  8.322150206836437096e+39 -2.668290037678556427e+40
2.340807791485126188e+02  2.579239558297025122e+34  1.971057079589672775e+49  2.037590001208510520e+49 -1.129975454405867523e+49 -1.546205523493416640e+40  7.741055942345708450e+39 -2.349487216077483387e+40
2.407550640074481123e+02  2.590910085343264434e+34  1.990387218888048353e+49  2.062014111127986443e+49 -1.128400249970769688e+49 -1.404776933783308111e+40  7.161690486461425866e+39 -2.078529535511144988e+40
2.474293488663836058e+02  2.602240697732767135e+34  2.001957890303390043e+49  2.086191345721838683e+49 -1.125465396456109593e+49 -1.279623559495896355e+40  6.608515325618687416e+39 -1.840830300164019922e+40
2.541036337253190993e+02  2.613269511633758805e+34  2.003565087259358414e+49  2.118076022086730702e+49 -1.118834407279448506e+49 -1.168797170200661350e+40  6.075079293275197103e+39 -1.632344716405160131e+40
2.617313878498167696e+02  2.625509999999999773e+34  2.022218158158919838e+49  2.176754804452391076e+49 -1.120770492652940175e+49 -1.057302383567780867e+40  5.460476812047624739e+39 -1.427783607863792812e+40
2.688824073415333942e+02  2.636660543122044322e+34  2.063783978643048114e+49  2.244793044531086615e+49 -1.139444879590859791e+49 -9.609704996448220899e+39  4.922037087380240452e+39 -1.254169370936459073e+40
2.765101614660310929e+02  2.648210215288041498e+34  2.073434712715886690e+49  2.288777918718669203e+49 -1.148279592241546623e+49 -8.647456535234901297e+39  4.362278113787209966e+39 -1.084811429463390224e+40
2.841379155905287917e+02  2.659399887454038473e+34  2.050833409573971646e+49  2.325037717478608368e+49 -1.141086989421794984e+49 -7.746907883626070222e+39  3.859140012993474600e+39 -9.390426177764210514e+39
2.922424043478075646e+02  2.670930000000000131e+34  2.036125239733791587e+49  2.376480883116696792e+49 -1.145193623308442869e+49 -6.848385545658541457e+39  3.425685728011874615e+39 -8.071029993084675985e+39
3.003468931050863944e+02  2.682079857473448538e+34  2.014841639364313025e+49  2.412423094350909207e+49 -1.153363109466516868e+49 -5.975805919114977936e+39  3.030552326912306418e+39 -6.917892214393086082e+39
3.089281164951463552e+02  2.693500077663430718e+34  1.998759431242137480e+49  2.444418307746007812e+49 -1.169889052065201970e+49 -5.163764164588456300e+39  2.641393302060250239e+39 -5.986038944145775990e+39
3.179860745179873334e+02  2.705120099357316817e+34  1.977419350308009350e+49  2.458763275883821922e+49 -1.195538903980256601e+49 -4.379805563213207677e+39  2.286158071281689225e+39 -5.339385102168723548e+39
3.265672979080472373e+02  2.715740397210729804e+34  1.955967737335093672e+49  2.439773673977416574e+49 -1.227296077247742796e+49 -3.722359193046284613e+39  2.003675717508622986e+39 -4.898941681473703560e+39
3.361019905636693466e+02  2.727109987418225730e+34  1.963848083824170041e+49  2.410573475431851183e+49 -1.280048171596290137e+49 -3.117903198631410553e+39  1.729654307031159660e+39 -4.613850091763473551e+39
3.456366832192915126e+02  2.738009577625721829e+34  1.959296973648460998e+49  2.381908550733204453e+49 -1.314948889837508620e+49 -2.667758460911781490e+39  1.492387150424799372e+39 -4.609938553353606528e+39
3.551713758749136218e+02  2.748440501166551758e+34  1.946633636315792525e+49  2.363406794363754466e+49 -1.333052396300766389e+49 -2.392327473452160590e+39  1.311480429420108347e+39 -4.890651109826249274e+39
3.656595377960979931e+02  2.759369383728130854e+34  1.954119958651440538e+49  2.323612966748053869e+49 -1.361587812802807941e+49 -2.306324325654483329e+39  1.150710742454814226e+39 -5.611724930246856185e+39
3.761476997172823076e+02  2.769719599623043232e+34  1.981322775412019236e+49  2.262011606378746872e+49 -1.403873368618743434e+49 -2.492534503560861009e+39  1.073021534250132299e+39 -6.955960478601145393e+39
3.866358616384666220e+02  2.779519815517955636e+34  1.999328393228634159e+49  2.192527367215130539e+49 -1.438150136932738923e+49 -2.922140897248206676e+39  1.095844203553492744e+39 -8.754269782379069515e+39
3.971240235596509933e+02  2.788810015706434013e+34  2.013768736312867954e+49  2.127828399377541458e+49 -1.462583143521342887e+49 -3.561565771471804712e+39  1.215374096254088538e+39 -1.087081572692736064e+40
4.085656547463975130e+02  2.798419769830931766e+34  2.016943250627048904e+49  2.081357021092625962e+49 -1.474392104968983501e+49 -4.426569081586812861e+39  1.447776542996515802e+39 -1.348865394974948599e+40
4.200072859331440895e+02  2.807540381244192154e+34  2.013209944385777425e+49  2.034559715343849513e+49 -1.480684519134932183e+49 -5.442449332570447626e+39  1.831645499616446944e+39 -1.629126380939277171e+40
4.324023863854528713e+02  2.816930257590301959e+34  2.020038605721797027e+49  2.008153554525493397e+49 -1.492228757649437130e+49 -6.685602242501340127e+39  2.305342151377183742e+39 -1.943251175608568931e+40
4.438440175721993910e+02  2.825170011714799380e+34  2.015876063462257749e+49  2.011322319122284952e+49 -1.490422135203197252e+49 -7.956973201207487454e+39  2.820267413910363834e+39 -2.243963569013909196e+40
4.562391180245081728e+02  2.833660078683005504e+34  2.002187072179847359e+49  1.999109267041055839e+49 -1.482427177427075482e+49 -9.468942875891402708e+39  3.455554515202049635e+39 -2.569515942843016457e+40
4.695876877423791598e+02  2.842349791828252834e+34  1.990052107248357147e+49  1.966244573298801987e+49 -1.480340795968832483e+49 -1.118261528488866500e+40  4.149683674351825338e+39 -2.908976626533886193e+40
4.829362574602501468e+02  2.850620171640166450e+34  1.983643694289986875e+49  1.947797027349765406e+49 -1.479067570453884592e+49 -1.290514405924894452e+40  4.837477048902946018e+39 -3.231027507794705868e+40
4.962848271781211338e+02  2.858509884785414151e+34  1.973453033806769781e+49  1.926727997325795429e+49 -1.478869109143563095e+49 -1.461081327715874693e+40  5.516407993585446504e+39 -3.535521784130556252e+40
5.105868661615543260e+02  2.866559910774369352e+34  1.965580997271815909e+49  1.896484290660295579e+49 -1.481516374478408724e+49 -1.637850812926749513e+40  6.189998957811511507e+39 -3.833316387948746979e+40
5.248889051449875751e+02  2.874249936763324812e+34  1.959351358289944323e+49  1.864437912319461966e+49 -1.481877064806510725e+49 -1.799325080727246584e+40  6.832083074210213697e+39 -4.095805005605375675e+40
5.401444133939828589e+02  2.882149999999999904e+34  1.945528071632298053e+49  1.810792993509180846e+49 -1.481843027486362843e+49 -1.956222060144252103e+40  7.439986396604986702e+39 -4.339094832201103468e+40
5.553999216429783701e+02  2.889759947761985974e+34  1.934953555620718159e+49  1.766587349886971559e+49 -1.480793473994636212e+49 -2.103578034227284731e+40  7.970946904630588424e+39 -4.555554960069139571e+40
5.706554298919736539e+02  2.897110000000000230e+34  1.927544891860269560e+49  1.737316826288920370e+49 -1.480129908537636887e+49 -2.241118212591721632e+40  8.442240659256630736e+39 -4.745874768305480438e+40
5.868644074065313134e+02  2.904650000000000042e+34  1.924168487945926539e+49  1.699602024285631108e+49 -1.484944007922313056e+49 -2.373253773816146677e+40  8.882349544638961973e+39 -4.923137806937727096e+40
6.030733849210889730e+02  2.911940000000000201e+34  1.936504733301750065e+49  1.662342015295784856e+49 -1.496676702149100923e+49 -2.487412384848703045e+40  9.248880391173845818e+39 -5.071990147010660692e+40
6.202358317012087809e+02  2.919429887800805701e+34  1.958601314043676009e+49  1.616171248467704414e+49 -1.518445841857769220e+49 -2.592562898272056416e+40  9.567179048051191770e+39 -5.203987990949351967e+40
6.383517477468908510e+02  2.927119831831260473e+34  1.961725938611871639e+49  1.555442607237946011e+49 -1.535808515409103520e+49 -2.684786561569436700e+40  9.857800526975967729e+39 -5.320257621473143398e+40
6.555141945270106589e+02  2.934239999999999972e+34  1.951794074921036617e+49  1.504924638372217045e+49 -1.543421957552673931e+49 -2.757017235341580236e+40  1.006568455540931474e+40 -5.407438400439628431e+40
6.745835798382548774e+02  2.941989719892169655e+34  1.947254885603468292e+49  1.465564843559695828e+49 -1.551938132858869145e+49 -2.821263836179987522e+40  1.026811628702225618e+40 -5.484645969200550595e+40
6.936529651494990958e+02  2.949559976766332795e+34  1.946334691077248460e+49  1.436301778495331113e+49 -1.559295400517281700e+49 -2.868874512788063024e+40  1.042886405193297563e+40 -5.546355847296742639e+40
7.127223504607434279e+02  2.956960233640495507e+34  1.943333614845798643e+49  1.415285156708958851e+49 -1.562374942592877307e+49 -2.904756832996650897e+40  1.053083445685850541e+40 -5.592087047223639113e+40
7.336986743031120568e+02  2.964959782868740996e+34  1.927688563228834337e+49  1.383802192397879441e+49 -1.560200709973654341e+49 -2.930188679863759388e+40  1.063564953253073643e+40 -5.625385580539518366e+40
7.546749981454806857e+02  2.972819998763654210e+34  1.915072028281357855e+49  1.348523376480519532e+49 -1.561104450823723672e+49 -2.945045022682829755e+40  1.070268516794092958e+40 -5.646797544304743791e+40
7.756513219878493146e+02  2.980549999999999778e+34  1.916472166740764256e+49  1.329951573706462953e+49 -1.567129637163165276e+49 -2.955998065012104108e+40  1.073652340213909466e+40 -5.660203549271552307e+40
7.966276458302181709e+02  2.988149763886811823e+34  1.918800998876957831e+49  1.304340504591915516e+49 -1.575205283634162935e+49 -2.959074146956966279e+40  1.075597902024479139e+40 -5.667926860289936761e+40
8.195109082037110966e+02  2.996299938802474188e+34  1.911128292526115688e+49  1.272553548302033223e+49 -1.577904607575179673e+49 -2.959517352369940943e+40  1.077158607973423680e+40 -5.671928152488885900e+40
8.423941705772042496e+02  3.004340000000000100e+34  1.895224495188768988e+49  1.250915671537162414e+49 -1.574170426944266241e+49 -2.960304749546541291e+40  1.076457652397701177e+40 -5.674943757783740522e+40
8.671843714818219269e+02  3.012939999999999788e+34  1.886182837535711465e+49  1.230498836153526119e+49 -1.575315443819004187e+49 -2.958629734523391703e+40  1.076937573737755132e+40 -5.676456784141483122e+40
8.919745723864393767e+02  3.021439714924292848e+34  1.883965640371432668e+49  1.208129462963152546e+49 -1.583182294600064411e+49 -2.957548621256114937e+40  1.076725207346342472e+40 -5.677256613255107550e+40
9.167647732910568266e+02  3.029879848860704366e+34  1.876098507619641327e+49  1.180741518685483687e+49 -1.588451037777011066e+49 -2.956240633790622641e+40  1.077069420957866578e+40 -5.675266188318492087e+40
9.434619127267988006e+02  3.038899941817866146e+34  1.861730616457057462e+49  1.154470640232674957e+49 -1.589213075792016046e+49 -2.953003249053904420e+40  1.075713757645332748e+40 -5.672202063719687958e+40
9.682521136314164778e+02  3.047190000000000225e+34  1.852028807384516186e+49  1.130813339824662533e+49 -1.593362134948718859e+49 -2.952267359305400217e+40  1.075816858005428933e+40 -5.672351864161925059e+40
9.968561915982827486e+02  3.056630000000000076e+34  1.850004257140577240e+49  1.098324987986668396e+49 -1.604988274636984146e+49 -2.951560921382386954e+40  1.076525379153329784e+40 -5.673183819796769056e+40
1.025460269565149247e+03  3.065920000000000227e+34  1.842266576411832003e+49  1.067107719070912053e+49 -1.614195032974261087e+49 -2.951227940928379586e+40  1.077450535016660468e+40 -5.675208508698025231e+40
1.054064347532015518e+03  3.075099999999999829e+34  1.831998021981691138e+49  1.037744870828004910e+49 -1.620440264342981954e+49 -2.950721720294416219e+40  1.077465102259583884e+40 -5.676196593807260796e+40
1.082668425498882016e+03  3.084179212749440809e+34  1.821444629212972211e+49  1.008158387470115931e+49 -1.627092407240457747e+49 -2.949326213517889587e+40  1.077106191678645954e+40 -5.675676429704266159e+40
1.113179441996872811e+03  3.093779720998436376e+34  1.807257053906978339e+49  9.795340316361089579e+48 -1.631361849568131125e+49 -2.948756993023284951e+40  1.077813159519212709e+40 -5.675308868395979683e+40
1.145597397025987902e+03  3.103908698512993815e+34  1.794717401427068251e+49  9.506510857947393573e+48 -1.637454812308861837e+49 -2.948529671371904799e+40  1.077699803445024511e+40 -5.675112722732813769e+40
1.178015352055103222e+03  3.113937676027551761e+34  1.786972952491948744e+49  9.167012409396060114e+48 -1.648474249763099726e+49 -2.948387939772193637e+40  1.078508173874241545e+40 -5.673668130749639603e+40
1.210433307084218313e+03  3.123869999999999782e+34  1.784073699165839803e+49  8.813468641851320087e+48 -1.655697880980877163e+49 -2.946386396195773484e+40  1.079189372885918064e+40 -5.671139662532719539e+40
1.244758200644457929e+03  3.134269100322228883e+34  1.776352303035004995e+49  8.530974895525216289e+48 -1.655078340899581198e+49 -2.943444529956222083e+40  1.078461687220938685e+40 -5.666050731692942941e+40
1.280990032735822069e+03  3.145119999999999810e+34  1.759776387461094997e+49  8.239815616806215704e+48 -1.657113666104773007e+49 -2.942280103593448918e+40  1.077851684845234971e+40 -5.661473046139075519e+40
1.317221864827186209e+03  3.155830932413593329e+34  1.743350608291104923e+49  7.985999221323759780e+48 -1.657169604734913460e+49 -2.940230308243128006e+40  1.078244011129202484e+40 -5.658147323052552327e+40
1.353453696918550349e+03  3.166430000000000180e+34  1.728837781119178148e+49  7.864666125113436008e+48 -1.653188670209358132e+49 -2.937157486561618086e+40  1.077979140917002903e+40 -5.655527578576584835e+40
1.391592467541038786e+03  3.177460000000000075e+34  1.715697675809521734e+49  7.769367458970710289e+48 -1.650713316825483721e+49 -2.935724868215049148e+40  1.078346034274734669e+40 -5.650590067737554895e+40
1.431638176694651747e+03  3.188919088347325911e+34  1.706488523872382848e+49  7.649288126299393779e+48 -1.644884350293587733e+49 -2.932223797609151278e+40  1.077030180689839601e+40 -5.646713754031627402e+40
1.473590824379389005e+03  3.200789999999999781e+34  1.693286585146122389e+49  7.444240562331540942e+48 -1.642337704202838054e+49 -2.928639769522477103e+40  1.077659071208612551e+40 -5.642180210175804988e+40
1.515543472064126490e+03  3.212529999999999945e+34  1.681961725935982496e+49  7.159696904103909691e+48 -1.648851194905738067e+49 -2.924020664624472667e+40  1.074340764007786277e+40 -5.637723800938769966e+40
1.557496119748863748e+03  3.224178059874431570e+34  1.674338018640567587e+49  6.881005155206290878e+48 -1.661116202286928953e+49 -2.920643330642154618e+40  1.073314212920439601e+40 -5.631026629331787138e+40
1.599448767433601233e+03  3.235699383716800562e+34  1.658670612017642928e+49  6.683087872422028382e+48 -1.665922946717617942e+49 -2.917357495573090351e+40  1.073612690523060603e+40 -5.626505045212289619e+40
1.645215292180587312e+03  3.248107646090293790e+34  1.646415688969129407e+49  6.591201540864476766e+48 -1.666966313304522450e+49 -2.914840698886321124e+40  1.072289779608176765e+40 -5.621719332884053656e+40
1.690981816927573618e+03  3.260350000000000109e+34  1.646724509331541516e+49  6.470964443741993174e+48 -1.676219548007059385e+49 -2.913678865634968910e+40  1.071976563297271520e+40 -5.620939289405704076e+40
1.740562218736808518e+03  3.273420000000000070e+34  1.638225460401961987e+49  6.221521076173248376e+48 -1.680727009932520807e+49 -2.910451797263657347e+40  1.071396567848416698e+40 -5.618290120462835604e+40
1.790142620546043645e+03  3.286350000000000003e+34  1.621518020232436651e+49  6.000158820943259803e+48 -1.668643613049070422e+49 -2.907292701368220024e+40  1.070150147338626515e+40 -5.611045946353478008e+40
1.839723022355278772e+03  3.299120000000000103e+34  1.615232838078568207e+49  5.775806055190326183e+48 -1.660209705298066012e+49 -2.903280569265627683e+40  1.068949864450199471e+40 -5.604913348418348813e+40
1.893117301226762720e+03  3.312708650613381414e+34  1.614209020599667198e+49  5.540438884075131069e+48 -1.661899496442113281e+49 -2.899787968700746823e+40  1.068612686983396935e+40 -5.601572656698370607e+40
1.946511580098246441e+03  3.326130000000000126e+34  1.609737622439262193e+49  5.359591705367879770e+48 -1.659785305720480361e+49 -2.896115278463329967e+40  1.068625192721454277e+40 -5.595300637609920067e+40
1.999905858969730389e+03  3.339387929484864889e+34  1.598345466601318822e+49  5.130050194849733790e+48 -1.656783748219839419e+49 -2.892630815690209511e+40  1.068348655631263910e+40 -5.589112032122066188e+40
2.057114014903463158e+03  3.353380000000000130e+34  1.578148215804857401e+49  4.852533814138411583e+48 -1.647719730647257824e+49 -2.889515534708277160e+40  1.067837479653088776e+40 -5.584192034349649461e+40
2.114322170837196154e+03  3.367199999999999972e+34  1.568936224897884781e+49  4.638625695140331814e+48 -1.643871304768378477e+49 -2.886389717310024919e+40  1.066742730041226653e+40 -5.579588584901507215e+40
2.175344203833177744e+03  3.381789999999999963e+34  1.568994123614572775e+49  4.367779977733147880e+48 -1.652992919049033632e+49 -2.880589759368431308e+40  1.065810707426988730e+40 -5.571669185254264573e+40
2.236366236829159334e+03  3.396199999999999854e+34  1.563389053411409655e+49  4.080387554413341576e+48 -1.664694157085145896e+49 -2.876373221865471389e+40  1.064850437388329453e+40 -5.563994437429439525e+40
2.297388269825140924e+03  3.410399134912570622e+34  1.549678763189302862e+49  3.790837698523388881e+48 -1.675933856252319022e+49 -2.874318701539248615e+40  1.063351407636002769e+40 -5.560894474790962168e+40
2.366038056945620156e+03  3.426130000000000178e+34  1.531581456600948019e+49  3.534619016320156342e+48 -1.677818196132492159e+49 -2.869191647112575234e+40  1.062068356583390286e+40 -5.552438992675752383e+40
2.430873967003850794e+03  3.440820000000000123e+34  1.520429634777544968e+49  3.396409032409350660e+48 -1.678092701981884675e+49 -2.863659500542415330e+40  1.060847938612651176e+40 -5.541145326234199121e+40
2.499523754124330026e+03  3.456171251374776837e+34  1.517044230860040610e+49  3.111858386797941267e+48 -1.686536164658130592e+49 -2.857977673596557232e+40  1.058322096922766961e+40 -5.532366307639550338e+40
2.571987418307057851e+03  3.472178709153529385e+34  1.514489842806581979e+49  2.925434559826231848e+48 -1.686290570356960415e+49 -2.852487128183949838e+40  1.055439625928605998e+40 -5.523230228531961807e+40
2.644451082489786131e+03  3.487980000000000225e+34  1.515980553978056575e+49  2.838423352300965477e+48 -1.677683316683347839e+49 -2.844815005475029886e+40  1.052813235374087980e+40 -5.513381224137517866e+40
2.716914746672514411e+03  3.503539999999999811e+34  1.519771089917387278e+49  2.610471922144291300e+48 -1.681212433575731231e+49 -2.838837924762117204e+40  1.051601686930300011e+40 -5.502321548970198430e+40
2.793192287917491285e+03  3.519659999999999967e+34  1.506600074394613304e+49  2.445753847124587530e+48 -1.694865551288519139e+49 -2.832846918637637091e+40  1.050188475062600246e+40 -5.490945320986022429e+40
2.877097583286966255e+03  3.537160000000000126e+34  1.492819456517644644e+49  2.218438676810239745e+48 -1.710925316526743236e+49 -2.823839211309926068e+40  1.047310617539515958e+40 -5.477319883598333807e+40
2.953375124531943129e+03  3.552890000000000140e+34  1.471629302860949428e+49  1.867839388070935589e+48 -1.707465754258235647e+49 -2.813022752330874225e+40  1.044117486885635605e+40 -5.462469408469116348e+40
3.037280419901417645e+03  3.570000000000000157e+34  1.445669360826192124e+49  1.648673840502533229e+48 -1.699278706388240704e+49 -2.800765349075429794e+40  1.043623421989861225e+40 -5.440987014369854697e+40
3.128813469395390257e+03  3.588401156465130036e+34  1.428912958927955518e+49  1.426990562974771730e+48 -1.704621755671328739e+49 -2.790077090882733303e+40  1.039388072544714492e+40 -5.418860375525475017e+40
3.212718764764864773e+03  3.605010000000000148e+34  1.423048118693026950e+49  1.245108537636718983e+48 -1.705661672253515078e+49 -2.783667166984053319e+40  1.037341970738874719e+40 -5.404584917915495545e+40
3.304251814258837385e+03  3.622850604752945438e+34  1.432930281899776371e+49  9.941856357334237697e+47 -1.718333757153775299e+49 -2.774442846138201222e+40  1.032212594467858331e+40 -5.390096159284173906e+40
3.395784863752809997e+03  3.640460000000000026e+34  1.434851462940713574e+49  7.901359782174974496e+47 -1.730393598570349430e+49 -2.762941590035268908e+40  1.028023168184076270e+40 -5.369924188701961636e+40
3.494945667371279796e+03  3.659279999999999848e+34  1.442256929174273437e+49  8.256193739614826768e+47 -1.731210809241867266e+49 -2.748043074762548385e+40  1.023855350528890486e+40 -5.343857471860698456e+40
3.594106470989750051e+03  3.677798823663249739e+34  1.470160008557442282e+49  6.341091498145755061e+47 -1.745318445806470426e+49 -2.733973352430195830e+40  1.020619412846062958e+40 -5.318249178898370290e+40
3.693267274608220305e+03  3.695970000000000163e+34  1.473745741095809459e+49  1.441732385471267286e+47 -1.762318430602648452e+49 -2.722847011645775189e+40  1.017005506487505790e+40 -5.295075190613369066e+40
3.800055832351188201e+03  3.715178610783729652e+34  1.438773675994302547e+49 -3.498308241843648545e+47 -1.761923952870321214e+49 -2.711015117852583340e+40  1.011564670023878948e+40 -5.272266697668860023e+40
3.906844390094155642e+03  3.734069999999999961e+34  1.397738701847335970e+49 -6.923995697932738510e+47 -1.754771628659888063e+49 -2.696592210185346414e+40  1.005480196699646564e+40 -5.248256543308589161e+40
4.013632947837123538e+03  3.752640000000000130e+34  1.358353221370715098e+49 -6.998776997929279687e+47 -1.750507446484305639e+49 -2.682663486286543730e+40  9.997657262009211418e+39 -5.227456760407011743e+40
4.128049259704589531e+03  3.772179999999999893e+34  1.312964568523777283e+49 -6.414489066417888247e+47 -1.742585425782005727e+49 -2.672469172332510844e+40  9.953637709172763930e+39 -5.210261376224964598e+40
