# version 2
# time, mass, jx, jy, jz, px, py, pz
1.528999999999999915e+00  4.749409999999999780e+33  1.991666198599999854e+47 -2.305923348999999889e+47  8.393491330999999965e+46 -8.303634603094744999e+39 -6.312948290177457019e+40 -3.014864815960973612e+40
1.577428773880004798e+00  4.755149999999999853e+33  1.692415454414385163e+47 -1.823412480048772699e+47  2.318223934023569267e+46 -7.252633047356718280e+39 -6.261853484484827513e+40 -3.586575460002107632e+40
1.579058588385581885e+00  4.755259996008791142e+33  1.681217297581981718e+47 -1.812550452372311583e+47  2.171742620160488803e+46 -7.257305776504497014e+39 -6.265176510106170624e+40 -3.602060552869617340e+40
1.582085386753082190e+00  4.755430000000000138e+33  1.661349341084028930e+47 -1.792767507871968603e+47  1.917192642035156493e+46 -7.238905042008860788e+39 -6.262587721232387485e+40 -3.626180862439130318e+40
1.585112185120582495e+00  4.755619994886798111e+33  1.640294295239515053e+47 -1.770474515179060611e+47  1.663733304695918856e+46 -7.306416291075293707e+39 -6.268312601801264724e+40 -3.649126280331866117e+40
1.588371814131736670e+00  4.755810000000000030e+33  1.616668198599999886e+47 -1.743751349000000001e+47  1.392831330999999592e+46 -7.429282904558217510e+39 -6.281926434656468024e+40 -3.669894051081459615e+40
1.591864273786544715e+00  4.756019999999999956e+33  1.593048336423321056e+47 -1.713884462501558523e+47  1.122753862264917973e+46 -7.452779698432285756e+39 -6.280697541566118382e+40 -3.699046666026839158e+40
1.595356733441352759e+00  4.756219999999999747e+33  1.572514172168690099e+47 -1.683232288093068718e+47  8.755608483412982878e+45 -7.412274248836647306e+39 -6.262811939983794101e+40 -3.730318649081062058e+40
1.599314854383468543e+00  4.756439999999999806e+33  1.552303692387195076e+47 -1.647710065383327551e+47  6.114565823876320462e+45 -7.409631619803264506e+39 -6.252346431093850868e+40 -3.762514853386389524e+40
1.603272975325584326e+00  4.756659991520819060e+33  1.535180380054465055e+47 -1.613693540629481844e+47  3.479736712538493851e+45 -7.433525512487093532e+39 -6.241228321094440755e+40 -3.794486923573020253e+40
1.607696757555007849e+00  4.756900000000000192e+33  1.518232325497398978e+47 -1.576800728233605878e+47  5.363653816912943843e+44 -7.282350474292130350e+39 -6.238261060453307857e+40 -3.840249305972627723e+40
1.612353370428085242e+00  4.757129999999999808e+33  1.502888405908267542e+47 -1.543589515659587585e+47 -2.226162402413723150e+45 -7.184360893020959248e+39 -6.254287991272459919e+40 -3.890296350285016660e+40
1.617009983301162634e+00  4.757349999999999867e+33  1.488643225570630444e+47 -1.516778357607647849e+47 -4.813379000501045767e+45 -7.119840118148685978e+39 -6.287249564674425652e+40 -3.938323523896073738e+40
1.622132257461547766e+00  4.757589992703524891e+33  1.469432455435937417e+47 -1.488672562057084511e+47 -7.676952323600418387e+45 -6.980379195686795333e+39 -6.324744867355390399e+40 -3.996638747654695957e+40
1.627720192909240637e+00  4.757869997563312984e+33  1.442517264146881173e+47 -1.454960440863101266e+47 -1.097198322990440777e+46 -7.221913715365395738e+39 -6.357132159439889269e+40 -4.033018046209745312e+40
1.633308128356933508e+00  4.758160022130505575e+33  1.411311324445021161e+47 -1.419021474845021077e+47 -1.447265662239829724e+46 -7.406677318546537046e+39 -6.364965020747439610e+40 -4.062787876388804271e+40
1.639361725091934119e+00  4.758490000000000121e+33  1.378153407344114724e+47 -1.376966339713579726e+47 -1.828889709823046920e+46 -7.463966932953555156e+39 -6.363834933644737751e+40 -4.093389694222757986e+40
1.645880983114242468e+00  4.758880000000000147e+33  1.340323362217166832e+47 -1.326002574919789208e+47 -2.303606922197505117e+46 -7.384707386681338760e+39 -6.317881542917030386e+40 -4.109839985491057361e+40
1.652400241136550818e+00  4.759310000000000131e+33  1.290796652000052533e+47 -1.274972351193582421e+47 -2.911328625128350611e+46 -7.126273322059635791e+39 -6.255172826217710620e+40 -4.143633305398764481e+40
1.659850821733474646e+00  4.759830000000000166e+33  1.224577015962489081e+47 -1.222205992262271138e+47 -3.708472400982790520e+46 -7.300874964813593931e+39 -6.209724023590672313e+40 -4.177878284465084255e+40
1.667301402330398474e+00  4.760329999999999933e+33  1.160586234766063887e+47 -1.174951337348007180e+47 -4.499439514330554827e+46 -7.402069372800680180e+39 -6.120443750358407607e+40 -4.212374359850702596e+40
1.675217644214630042e+00  4.760889999999999926e+33  1.076323989313605866e+47 -1.130456784169088295e+47 -5.373857141463676072e+46 -7.088201231912660634e+39 -5.999682392589738305e+40 -4.274056225797045909e+40
1.684065208673477088e+00  4.761539999999999970e+33  9.711653351235426174e+46 -1.072673277043628449e+47 -6.294916584200858478e+46 -6.462083778512927517e+39 -5.888551494359233916e+40 -4.358259148861867759e+40
1.692912773132324133e+00  4.762129921769766624e+33  8.775294060395541615e+46 -1.008516087058155885e+47 -7.028482070720771348e+46 -5.433446872007302330e+39 -5.829573462568192474e+40 -4.468698185618741065e+40
1.702225998878478919e+00  4.762670000000000090e+33  7.969562152294488824e+46 -9.460333602152097765e+46 -7.651808583919096828e+46 -4.487883034626781098e+39 -5.869865105137345928e+40 -4.601554339975974561e+40
1.712470547199249182e+00  4.763179999999999991e+33  7.165018010499665507e+46 -8.853469560568277253e+46 -8.190685645233014783e+46 -3.873349633161307652e+39 -6.009692228662713724e+40 -4.722588683454868211e+40
1.723646418094634925e+00  4.763729999999999850e+33  6.317761985999998336e+46 -8.267333489999998541e+46 -8.759608669000000036e+46 -3.213641707231181089e+39 -6.340137141534267849e+40 -4.853524311478164499e+40
1.734822288990020667e+00  4.764260000000000019e+33  5.480058996448060343e+46 -7.811529503930746018e+46 -9.368012655069251543e+46 -3.615048171493101697e+39 -6.663375903703551404e+40 -4.877548055987685721e+40
1.745998159885406409e+00  4.764790000000000187e+33  4.539161985999998839e+46 -7.507533489999998503e+46 -9.916708668999998058e+46 -6.320283314590471100e+39 -6.906642845693604054e+40 -4.755760404777480545e+40
1.759036675930023108e+00  4.765599888251732006e+33  2.946101097893751595e+46 -6.889939077413392828e+46 -1.056929637669053345e+47 -5.687308941163984583e+39 -6.563215962460454690e+40 -4.799769960499919429e+40
1.772075191974639807e+00  4.766449999999999899e+33  1.457454042221794032e+46 -5.896928194147863942e+46 -1.121571065494455089e+47 -4.298334406615572510e+39 -6.549059288171142204e+40 -4.941646511753469289e+40
1.786045030593871985e+00  4.767309999999999868e+33  1.483588211166831104e+45 -5.022732646031115447e+46 -1.212461141189887328e+47 -5.104645151957393146e+39 -6.631283046522642815e+40 -4.903824424503428014e+40
1.800946191787719641e+00  4.768599999999999821e+33 -2.171567774163401196e+46 -4.200126215293388537e+46 -1.319301263702178632e+47 -5.125635149369619668e+39 -6.521295305140632600e+40 -5.132380758603840442e+40
1.816778675556182776e+00  4.769849999999999816e+33 -4.321683194182622848e+46 -2.912361459294581389e+46 -1.413848853110790061e+47 -6.283251820132575660e+39 -6.675920727314028345e+40 -5.055696229230771271e+40
1.833542481899261389e+00  4.771230160633086798e+33 -7.047360095146246628e+46 -1.833493331728210220e+46 -1.494772151964697437e+47 -7.079154907100387190e+39 -6.488351799713983009e+40 -5.006588618490599170e+40
1.851237610816955481e+00  4.772959999999999891e+33 -1.006126822945409792e+47 -9.826704026245365020e+44 -1.588240866900000043e+47 -6.925028942080676264e+39 -6.143927691687426003e+40 -5.195213891763002469e+40
1.869864062309265051e+00  4.774610000000000046e+33 -1.304494897183628421e+47  1.737672526066979904e+46 -1.671641017301674293e+47 -6.445266237709057183e+39 -6.310845568507713221e+40 -5.306861073592471193e+40
1.890353158950805579e+00  4.776090000000000233e+33 -1.600604952423075764e+47  3.166569798637360907e+46 -1.728200757278754625e+47 -6.184269120176409584e+39 -6.099265234486027737e+40 -5.283213782143159523e+40
1.910842255592346106e+00  4.777630000000000070e+33 -1.889348472570464933e+47  4.825005289528386085e+46 -1.731362012658792967e+47 -4.774722751656479442e+39 -5.798719498021024263e+40 -5.502253595496903991e+40
1.933193997383117591e+00  4.780079999999999968e+33 -2.291373754476592587e+47  7.616566392691484325e+46 -1.859710851559655206e+47 -4.390442247730073045e+39 -5.868747517707837434e+40 -5.595804550214293974e+40
1.957408384323120032e+00  4.782300000000000249e+33 -2.738282680589326963e+47  8.318771811008555460e+46 -1.978043119828635238e+47 -3.315588063008862015e+39 -6.041502067340294672e+40 -5.969527718981199194e+40
1.981622771263122473e+00  4.784530000000000088e+33 -3.211620961907729086e+47  8.202158622521466335e+46 -2.094909604903434891e+47 -4.041837994717739747e+39 -6.023327484284935351e+40 -6.203047156547408118e+40
2.007699803352355872e+00  4.788080000000000281e+33 -3.934037427303951190e+47  9.969940742377677085e+46 -2.176460120995143065e+47 -3.906359615944532709e+39 -5.933657329989769252e+40 -6.349320251932340726e+40
2.035639480590820227e+00  4.791669999999999856e+33 -4.563034214201107672e+47  1.215410816120443466e+47 -2.349494070838802277e+47 -4.141159183869879998e+39 -6.022154753759621434e+40 -6.439746838654374287e+40
2.065441802978515540e+00  4.795989999999999967e+33 -5.263138773955226337e+47  1.497993797585399071e+47 -2.631638556992941729e+47 -4.992708139295773565e+39 -6.049295176801529233e+40 -6.384462036843532552e+40
2.095244125366210852e+00  4.801499999999999848e+33 -5.861184470019792803e+47  1.826496985309896126e+47 -3.173130783322526544e+47 -3.813999676925296608e+39 -5.766007016416769868e+40 -6.565929846666623617e+40
2.128771738052368079e+00  4.807050000000000263e+33 -6.490355942971046734e+47  2.322559491098063699e+47 -3.531198771318946100e+47 -4.148641718822322103e+39 -5.789365277954200384e+40 -6.698300632443186876e+40
2.164161995887756262e+00  4.811530000000000208e+33 -7.061883723409172227e+47  2.728836631147789393e+47 -3.806910848465804907e+47 -4.855901091303143128e+39 -5.798019465419841315e+40 -6.926662048197794308e+40
2.199552253723144446e+00  4.816170087490739635e+33 -7.860909925751764242e+47  3.092097613398135079e+47 -3.920503754094402925e+47 -7.290510219762296707e+39 -6.000924047526593294e+40 -6.996544012513693603e+40
2.238202140569686804e+00  4.821840000000000277e+33 -8.881437194461407985e+47  3.514029365449126555e+47 -4.250631545512281367e+47 -7.946240344230193561e+39 -6.037502812467855397e+40 -7.099635949098508173e+40
2.281508640289306555e+00  4.828209875961829790e+33 -9.692626359109793670e+47  4.367549704862473460e+47 -4.467108386136597694e+47 -7.818261649606777701e+39 -6.002696945015605933e+40 -7.103773553765219812e+40
2.326212123870849524e+00  4.834439999999999833e+33 -1.049393679138602545e+48  5.123798743990216817e+47 -4.633101507611290474e+47 -7.919409353271104544e+39 -6.205063189638039935e+40 -7.320762789141482896e+40
2.370915607452392493e+00  4.840469864638755578e+33 -1.134422838695024168e+48  5.832388935409094549e+47 -4.482762085151195594e+47 -7.387438350461506157e+39 -6.172746679841656946e+40 -7.215339096520300207e+40
2.419344381332397376e+00  4.848300000000000095e+33 -1.234475159691188134e+48  6.805933429625486289e+47 -4.472640612678401477e+47 -7.459732455621192080e+39 -6.262176550519149574e+40 -7.428252955209942638e+40
2.471498445510864173e+00  4.855869999999999847e+33 -1.340164419665349975e+48  7.617066749246256545e+47 -4.418067896827571190e+47 -8.318651584837644207e+39 -6.360295010596986331e+40 -7.490266884990945509e+40
2.527377799987792883e+00  4.862880000000000183e+33 -1.399323242200546942e+48  8.639569754027345912e+47 -4.198433211870703082e+47 -8.583818179183525146e+39 -6.422439833658590915e+40 -7.646542499641727073e+40
2.583257154464721594e+00  4.869879999999999808e+33 -1.429502431628240650e+48  9.668529225412027156e+47 -3.847643712435278405e+47 -9.988488591308938197e+39 -6.650839787351833068e+40 -7.809074663347719755e+40
2.642861799240112219e+00  4.877460000000000271e+33 -1.462193380139999876e+48  1.073448264846704022e+48 -4.030509263353857029e+47 -1.174391176485045298e+40 -6.953088192516426393e+40 -7.872834080648234625e+40
2.709917024612426673e+00  4.885390000000000224e+33 -1.507430404752426914e+48  1.155556673304142080e+48 -4.285379047391130126e+47 -1.348242505151971795e+40 -7.119275228401589971e+40 -7.864062959972746975e+40
2.776972249984741126e+00  4.894710749994913636e+33 -1.533643380139999940e+48  1.253680665079654838e+48 -5.072234866737239329e+47 -1.348249009834547216e+40 -7.124992285763472999e+40 -7.894406091015586515e+40
2.851478055953979407e+00  4.904249999999999889e+33 -1.555580788078638945e+48  1.355886369069319486e+48 -5.436032442700577354e+47 -1.377306473644092861e+40 -7.098205809880979833e+40 -8.091832903130031853e+40
2.925983861923217688e+00  4.913061287307739281e+33 -1.647722391294174361e+48  1.387457665099999880e+48 -5.807518889208349253e+47 -1.487285352421976060e+40 -7.120272456837294778e+40 -8.265648092842787101e+40
3.011665538787841712e+00  4.921369999999999925e+33 -1.724621893069280468e+48  1.418769152170719400e+48 -6.694251125485613402e+47 -1.565046630432684876e+40 -6.930124931134315709e+40 -8.374662883362774535e+40
3.093621925354003821e+00  4.928699999999999927e+33 -1.814765947278671854e+48  1.477070232238671877e+48 -7.388947553301369702e+47 -1.417187817331920391e+40 -7.103337534267753558e+40 -8.572187561586062711e+40
3.183028892517089758e+00  4.938909999999999812e+33 -1.878703380139999822e+48  1.531117295939030136e+48 -8.554096806129330723e+47 -1.578709174101256542e+40 -7.481456057347465673e+40 -8.415038038863911718e+40
3.279886440277099524e+00  4.949538813425700239e+33 -1.914531006991399658e+48  1.539066478525699832e+48 -9.850939001156999695e+47 -1.715099723131187930e+40 -7.505880835820811735e+40 -8.425623595250652918e+40
3.384194568634033118e+00  4.961050000000000095e+33 -2.017982517408066580e+48  1.587630710856022039e+48 -1.110262701080055440e+48 -1.592683533230794013e+40 -7.391766025849830268e+40 -8.568039881065282060e+40
3.488502696990966712e+00  4.972700000000000208e+33 -2.088214279136988724e+48  1.679470362090966644e+48 -1.209960480671933638e+48 -1.548227601228156795e+40 -7.332931904055555063e+40 -8.593036628748890615e+40
3.600261405944824133e+00  4.984279999999999963e+33 -2.127523380139999744e+48  1.790810945637922913e+48 -1.304616961283098812e+48 -1.574436626210448430e+40 -7.688267178490693491e+40 -8.720418487698153206e+40
3.726921276092529212e+00  4.996790425364176653e+33 -2.140862954775823407e+48  1.814468941192529468e+48 -1.374145937418353008e+48 -1.755769663661325255e+40 -7.633021122471840619e+40 -8.645610852797180808e+40
3.853581146240234290e+00  5.014330382080077927e+33 -2.209235290540390504e+48  1.746936900939843920e+48 -1.532965850850156254e+48 -2.020673317695595522e+40 -7.150944729701708317e+40 -8.563571778589070473e+40
3.987691596984863196e+00  5.029490000000000281e+33 -2.408774977124863539e+48  1.680286068115136417e+48 -1.674028812988014648e+48 -2.182538794028449552e+40 -6.895234177031682986e+40 -8.583394832197542262e+40
4.129252628326415930e+00  5.046430000000000216e+33 -2.625061265119248173e+48  1.509857665099999792e+48 -1.848421657506040034e+48 -2.425840233684850940e+40 -6.845309184044295490e+40 -8.397381643200799241e+40
4.278264240264892493e+00  5.063410000000000110e+33 -2.745940447248154634e+48  1.357780491943261508e+48 -2.081802153798154167e+48 -2.478011070708046164e+40 -6.638877105096613690e+40 -8.299470557065441344e+40
4.434726432800292883e+00  5.083959999999999887e+33 -2.696995758273137983e+48  1.257111232299707073e+48 -2.257669141357154845e+48 -2.579707198750893506e+40 -6.594044148101855048e+40 -8.349539391899921421e+40
4.613540367126464758e+00  5.102670122375487900e+33 -2.602823380140000029e+48  1.074266808471582119e+48 -2.437755331440976461e+48 -2.371707138819946514e+40 -6.469145755490008226e+40 -8.141977048264441387e+40
4.792354301452636633e+00  5.121710000000000194e+33 -2.505134813957545349e+48  7.403999188129720755e+47 -2.598990821960182471e+48 -2.280280462495183093e+40 -6.335986621993777642e+40 -8.059278356355113446e+40
4.971168235778808508e+00  5.140080000000000225e+33 -2.422844556287460668e+48  4.073171938170410050e+47 -2.714813322468808514e+48 -1.933459548935122722e+40 -6.552382704003302036e+40 -8.040112951149278423e+40
5.179784492492675696e+00  5.165761497497558521e+33 -2.341030385144882625e+48  3.095742385854501417e+46 -2.867049579182675471e+48 -1.939277170978537702e+40 -6.303875305407960042e+40 -7.928935043724327872e+40
5.388400749206542883e+00  5.192009999999999883e+33 -2.161084379082057240e+48 -2.630020462230387890e+47 -3.009985336425513700e+48 -2.023574931760260673e+40 -6.493436056294323006e+40 -7.749605955110565669e+40
5.611918167114257727e+00  5.223770000000000233e+33 -2.302132769178085965e+48 -6.681220357056646363e+47 -3.004466308613827454e+48 -1.746702191965166065e+40 -6.476336902752220770e+40 -8.099063048665287133e+40
5.842886165618896399e+00  5.263528721872965836e+33 -2.395939545758896478e+48 -9.655049892680828228e+47 -2.645318921071103506e+48 -1.571778229287645272e+40 -6.440004405753898083e+40 -8.094575459776056447e+40
6.103656486511230383e+00  5.308360000000000169e+33 -2.130798064791691986e+48 -1.196433758341569226e+48 -2.107447429015846213e+48 -1.781239906596722357e+40 -6.551580148756635103e+40 -7.945317059157000383e+40
6.356976226806640540e+00  5.346900000000000085e+33 -1.743919668795599130e+48 -1.366069819437760226e+48 -1.769962633076719150e+48 -1.877294873770317988e+40 -6.733182564063581923e+40 -7.913930283423176674e+40
6.640098289489746008e+00  5.397989429829914321e+33 -1.205476801160508574e+48 -1.505011764729915189e+48 -1.453165086689999952e+48 -1.932737554052394115e+40 -7.052230194479034928e+40 -7.851148334537193059e+40
6.938121513366699133e+00  5.440859999999999627e+33 -6.612632940499113992e+47 -1.700073848266699572e+48 -1.339363573323300567e+48 -2.093920977667065715e+40 -7.262051374535521891e+40 -7.791779282772204071e+40
7.251045898437499915e+00  5.483389999999999854e+33 -2.154299342125047524e+46 -1.892408233337499741e+48 -1.215003719502500079e+48 -2.340115245661215167e+40 -7.786042215047239499e+40 -7.311739042772960397e+40
7.578871444702148352e+00  5.512880481567382510e+33  4.318948719351950223e+47 -1.818192334900000062e+48 -1.133104123555234615e+48 -1.833545247871289487e+40 -8.125626658930262720e+40 -7.542195800958809940e+40
7.936499313354492102e+00  5.539099999999999898e+33  9.468989561026759821e+47 -1.982732334899999978e+48 -1.009965086690000013e+48 -1.891986293645817486e+40 -8.083477614337010561e+40 -7.991627164273095186e+40
8.323929504394531165e+00  5.570539999999999428e+33  1.453086454658177108e+48 -2.435212004496354478e+48 -7.583511527707291345e+47 -2.173042223578378686e+40 -8.270689895333457353e+40 -8.102581232876564980e+40
8.711359695434570227e+00  5.594029949239094640e+33  1.910726366055475339e+48 -2.602762182617285230e+48 -6.681052948097103565e+47 -1.943060325100931967e+40 -8.175217991458385636e+40 -8.602510648164377356e+40
9.128592208862304602e+00  5.615639999999999428e+33  2.158897356147434998e+48 -2.693403071187434967e+48 -2.487954668576432606e+47 -1.300985249474253577e+40 -8.050093225971008688e+40 -8.160022612352279925e+40
9.575627044677734290e+00  5.642139999999999781e+33  2.525794649645155981e+48 -2.547431349792578176e+48  2.974896554388670005e+46 -1.549387750211215897e+40 -8.206197825531509311e+40 -7.844808668035423082e+40
1.001521129989624015e+01  5.666070000000000361e+33  2.988469219652480943e+48 -2.556251901601253215e+48  2.182326533307519293e+47 -1.063592297381671737e+40 -7.836639489260821172e+40 -7.983726091343026936e+40
1.052930136108398429e+01  5.700310453694661801e+33  3.417516619859999843e+48 -2.858214149678646816e+48  4.391987182643656784e+46 -1.298046185221233566e+40 -7.931462758563434019e+40 -7.992012551509114773e+40
1.103594084167480460e+01  5.732399999999999430e+33  3.671836760139134329e+48 -3.236653597412206382e+48 -1.047026618344497370e+47 -1.030629562063173127e+40 -7.967519937208437587e+40 -7.727695486173778132e+40
1.160218496704101554e+01  5.763670000000000147e+33  4.013899103380507934e+48 -3.626232334900000173e+48  1.155525039960351800e+47 -1.633344482627009273e+40 -8.403470932707380247e+40 -7.455405077258755993e+40
1.216842909240722648e+01  5.787879999999999858e+33  4.285231166063613503e+48 -3.779688153381445366e+48  6.654700430097068131e+47 -2.291292398203913769e+40 -8.370185819059014887e+40 -7.526581266320190133e+40
1.279427786254882804e+01  5.809737786254883600e+33  4.426369978624648688e+48 -3.945761266174414141e+48  1.206981707133242256e+48 -2.476600798847991397e+40 -8.625110005592283234e+40 -7.458754410242765205e+40
1.344992895507812491e+01  5.832269999999999589e+33  4.586969515367812593e+48 -3.837596543884374814e+48  1.647940704325624941e+48 -2.091884766034476436e+40 -8.160325960395644655e+40 -7.503568626980388279e+40
1.416518469238281241e+01  5.862590000000000286e+33  4.752505089098280897e+48 -3.604712334899999947e+48  2.051758790263124602e+48 -1.583321901318067366e+40 -8.535188119619487358e+40 -7.428862006731430641e+40
1.488044042968749991e+01  5.886724042968750505e+33  4.853584705797500564e+48 -3.825486163025000120e+48  2.588511300028749900e+48 -1.446350471058967666e+40 -8.348361689986332689e+40 -6.976274402284169576e+40
1.565530081176757804e+01  5.920310081176757645e+33  5.102366863390273772e+48 -3.568671929016211158e+48  3.141644913310000284e+48 -1.640925458430153836e+40 -8.536323637167388526e+40 -6.466485939868403874e+40
1.648976583862304679e+01  5.936209999999999976e+33  5.201473203722304936e+48 -3.171155751037695091e+48  3.010684913310000236e+48 -1.948550934994432156e+40 -8.595040308726496170e+40 -6.164108475316976871e+40
1.732423086547851554e+01  5.958290000000000033e+33  5.276202792955703357e+48 -2.662350729065038733e+48  2.754794913309999799e+48 -1.732667063811557714e+40 -8.594122239701136226e+40 -5.486164745456794951e+40
1.827790518188476554e+01  5.984970000000000487e+33  5.466399210802383157e+48 -2.083198189392186608e+48  3.102066467875430751e+48 -1.479656995283266059e+40 -8.761517081526697316e+40 -4.383685786061525874e+40
1.920177717590332023e+01  6.013119999999999841e+33  5.428596619859999958e+48 -1.402184617309667881e+48  2.996524913309999981e+48 -1.858980157455807156e+40 -9.312695401762913799e+40 -3.879455614041303572e+40
2.024485845947265616e+01  6.041170000000000165e+33  5.340316619860000052e+48 -7.521923582764649554e+47  3.161820759257265793e+48 -2.149992728619469771e+40 -1.009053967644925157e+41 -2.993426924016174678e+40
2.131774206542968741e+01  6.057329999999999471e+33  5.106424000231093451e+48 -5.213408109742186883e+47  3.507411223124453183e+48 -2.216973401900351062e+40 -1.094481128636614667e+41 -2.280696070195685335e+40
2.250983496093749991e+01  6.079329999999999612e+33  4.939593123766249876e+48 -5.200258231812504309e+47  4.058965889872501318e+48 -1.891021736519124612e+40 -1.214297781696169302e+41 -1.812554498912113283e+40
2.370192785644531241e+01  6.099660000000000483e+33  4.766576619860000155e+48 -2.775863536011715561e+47  4.576590484599063033e+48 -1.420138459132387075e+40 -1.329707642019940761e+41 -1.806522995069537955e+40
2.495362539672851554e+01  6.114470000000000188e+33  4.750839159532851754e+48  1.024842205809558193e+47  4.896737452982851823e+48 -2.037858990299550180e+40 -1.436407113059888684e+41 -2.235736043811733457e+40
2.632453222656249991e+01  6.133970000000000338e+33  4.810239842516249995e+48  5.959163233031246763e+47  4.812712022685000818e+48 -2.102217640907046871e+40 -1.495630684926466869e+41 -1.573203099007558156e+40
2.775504370117187491e+01  6.150100000000000397e+33  4.648826619859999907e+48  1.022192035217187705e+48  4.571052728251406349e+48 -1.996742656620280471e+40 -1.505573389326626540e+41 -1.547734808412728873e+40
2.930476446533203116e+01  6.174039999999999958e+33  4.417308396593398397e+48  1.455668781433007816e+48  4.123792020243594270e+48 -1.893713317915561985e+40 -1.484682937873823144e+41 -9.262180384511815562e+39
3.088428755187988273e+01  6.196040000000000098e+33  4.162939109484023746e+48  1.489560154724023299e+48  3.658407402934023720e+48 -1.545450225123563771e+40 -1.490336551258289214e+41 -6.490227910860009796e+39
3.264262457275390261e+01  6.215820000000000534e+33  3.780291876207657738e+48  1.630800122375390436e+48  3.315069827860781657e+48 -1.251534637864024198e+40 -1.482723337777781474e+41  3.672710511751864773e+38
3.443076391601562136e+01  6.232329999999999909e+33  3.446499025458958755e+48  2.026376462300520733e+48  3.361413710510521090e+48 -1.097563121706920300e+40 -1.520233832140725826e+41  7.492472685631649272e+39
3.633811254882812136e+01  6.246091254882812807e+33  3.236645364977187805e+48  2.387101429748437149e+48  3.631689932841250430e+48 -8.127161281429503443e+39 -1.529871915308342759e+41  1.335490054486722714e+40
3.836467047119140261e+01  6.258039015706379999e+33  3.307146619860000088e+48  2.699314712219140207e+48  3.962319007548280541e+48 -5.853727991523125084e+39 -1.555296494721986733e+41  1.827926423776203908e+40
4.051043768310546511e+01  6.269080000000000104e+33  3.011617199083633358e+48  2.826749549255273289e+48  4.137003029154726540e+48 -3.819950233997741843e+39 -1.566493270461473279e+41  2.582371045437801128e+40
4.271580953979491824e+01  6.279419999999999997e+33  2.586335188890761276e+48  2.819777665099999863e+48  4.117644913310000444e+48  5.924647855188022434e+38 -1.611439964044725922e+41  3.074307259438183985e+40
4.515959997558593386e+01  6.288080000000000488e+33  2.188226621080703402e+48  2.824947663879296968e+48  3.981894914530703473e+48  5.615048318404983220e+39 -1.641892258186883498e+41  3.186351684451095593e+40
4.778220434570312136e+01  6.298760000000000315e+33  1.731395968004531247e+48  2.882448099670312567e+48  3.917435130595156485e+48  1.119375719708238336e+40 -1.620321261540455230e+41  3.723419267474835472e+40
5.040480871582030886e+01  6.311970000000000533e+33  1.291484876695937046e+48  2.616988100891015720e+48  3.729403170145937371e+48  1.703871106608089267e+40 -1.652068961062931083e+41  4.101808864579287046e+40
5.326583166503905886e+01  6.322069999999999523e+33  1.117589830960260430e+48  2.397115554097395839e+48  3.449361746806094345e+48  1.979512793094299752e+40 -1.660355073069096855e+41  4.296510321047024839e+40
5.612685461425780886e+01  6.334749999999999573e+33  8.513166122916409079e+47  1.987910690816145781e+48  3.339513400451927695e+48  2.407233856484414141e+40 -1.664462902130121240e+41  4.245004430434965599e+40
5.946471472167968386e+01  6.345140000000000134e+33  4.898987071158591264e+47  1.736147665100000064e+48  3.366944913310000031e+48  2.861169008477583074e+40 -1.688866816309464458e+41  4.204574442741139068e+40
6.280257482910155886e+01  6.352859999999999586e+33  1.522248394986719660e+47  1.854015651428124736e+48  3.517973906474062861e+48  3.162468599674760442e+40 -1.728170826097258220e+41  4.407929672392416400e+40
6.637885351562499636e+01  6.358989999999999686e+33 -5.106359107749970642e+46  2.072604876037499684e+48  3.682762124247500000e+48  3.488455038661034068e+40 -1.758726467436216446e+41  4.871898049483342520e+40
6.995513220214843386e+01  6.364929999999999551e+33 -2.873156682259373437e+47  2.146249597228905724e+48  3.926828777567812123e+48  3.802620133345188982e+40 -1.776936004118311145e+41  5.066360674378284795e+40
7.400824804687499636e+01  6.372619999999999754e+33 -4.476990137337498817e+47  2.314908626037499710e+48  4.258735874247500552e+48  4.216972451282238625e+40 -1.784962126074180454e+41  5.047493705488119797e+40
7.829978247070312136e+01  6.380739999999999943e+33 -6.515792933235941208e+47  2.390547314514062484e+48  4.605123861552187608e+48  4.701877418697106097e+40 -1.830411993133593793e+41  5.137758915598245590e+40
8.259131689453124636e+01  6.387859999999999443e+33 -7.514589207650001761e+47  2.438437327209374803e+48  4.986635926981875740e+48  5.143777330548777397e+40 -1.887083178528119633e+41  5.309248159997020378e+40
8.735968847656249636e+01  6.398989999999999522e+33 -8.532429192025004027e+47  2.603326973693750349e+48  5.527933991435001161e+48  5.579179530028376580e+40 -1.935503653781791436e+41  5.693894476136195969e+40
9.236647863769530886e+01  6.411800000000000157e+33 -1.066623380140000109e+48  2.739536383361718500e+48  6.091042777079529303e+48  6.334211783282751295e+40 -1.990997329094058428e+41  5.799808943852629304e+40
9.785010595703124636e+01  6.422140000000000050e+33 -1.463633856702499621e+48  2.677307426818750020e+48  6.404584794169374597e+48  6.846345884098792749e+40 -2.079837479416817853e+41  5.861136189146001746e+40
1.030953146972656214e+02  6.430520000000000256e+33 -1.899349674085312269e+48  2.510255077209375046e+48  6.370725472392030417e+48  7.219699330815603867e+40 -2.142520096487625574e+41  6.013870021587504332e+40
1.092941977539062464e+02  6.442371977539061865e+33 -2.496517110608749610e+48  2.499935462951562380e+48  6.313067115458436982e+48  7.568275109696235498e+40 -2.185812240784727554e+41  6.289783533957367508e+40
1.154930808105468714e+02  6.450620000000000358e+33 -2.934136612561875255e+48  2.663257665099999944e+48  6.216794105204530706e+48  8.110885246990925352e+40 -2.263991754495981035e+41  6.342799083293921994e+40
1.221688010253906214e+02  6.459189999999999645e+33 -3.424535421155624524e+48  2.748147665099999969e+48  6.316170933817812410e+48  8.721542019444661132e+40 -2.323803473749096295e+41  6.505308980590710581e+40
1.288445212402343714e+02  6.467770000000000218e+33 -3.922673380139999644e+48  2.836387665100000129e+48  6.405894913309999826e+48  9.233338663410747576e+40 -2.393855964723078642e+41  6.672613455687635115e+40
1.364739157714843714e+02  6.477330000000000059e+33 -4.511311695569687537e+48  2.821417665099999828e+48  6.210334913310000004e+48  9.562832195729145965e+40 -2.469890128723838906e+41  6.853412071357301901e+40
1.441033103027343714e+02  6.485249999999999879e+33 -4.903008204358749477e+48  2.684462149963281263e+48  5.893006295145938174e+48  9.831543593500297739e+40 -2.514557117846516069e+41  7.057876284448450164e+40
1.526863791503906214e+02  6.496169999999999457e+33 -5.249440963147812842e+48  2.246178707580468824e+48  5.665338704813906893e+48  1.008102551890113050e+41 -2.568505482381417839e+41  7.191454848779130773e+40
1.612694479980468714e+02  6.507419999999999987e+33 -5.471966820081405573e+48  1.696815265197656597e+48  5.843632833231874739e+48  1.032642581526744674e+41 -2.612168458913982175e+41  7.282035429502858897e+40
1.703293540039062464e+02  6.518789999999999816e+33 -5.808013380139999648e+48  1.180014125060937626e+48  5.847248453349062087e+48  1.061065824563761166e+41 -2.658523832848231441e+41  7.507664944971029268e+40
1.803429343261718714e+02  6.537419999999999864e+33 -6.347193380140000387e+48  4.858477815550779977e+47  5.829017540263124919e+48  1.096723506979409654e+41 -2.713797294943225038e+41  7.883083395403572054e+40
1.913101889648437464e+02  6.555290000000000128e+33 -7.003285269788438293e+48  2.974267202757813021e+47  5.256659244364687843e+48  1.140084012309147388e+41 -2.746486563438579387e+41  8.294848630574908045e+40
2.018006064453124964e+02  6.567470000000000410e+33 -6.835209122327500384e+48  9.358335552968733016e+46  4.599458848856875076e+48  1.187009205945886578e+41 -2.782963682296443845e+41  8.577218926492429637e+40
2.132446982421874964e+02  6.584249999999999936e+33 -6.540021309827500283e+48 -5.349588573609368170e+47  4.231183966044375167e+48  1.229041462724536848e+41 -2.802030336185636225e+41  8.750126288607861621e+40
2.256424643554687464e+02  6.597970000000000055e+33 -6.812496597913437431e+48 -1.181910261657812589e+48  4.533973487528750116e+48  1.268156202771955641e+41 -2.816398938755936126e+41  9.007552611734051285e+40
2.389939047851562464e+02  6.614519999999999964e+33 -7.201143380140000357e+48 -9.603013348999999794e+47  5.148924913310000527e+48  1.318605488594131740e+41 -2.858533899386336154e+41  9.242836435969769147e+40
2.523453452148437464e+02  6.628880000000000570e+33 -7.364493736585313710e+48 -2.735994368042969888e+47  5.467045269755312585e+48  1.365919749865557556e+41 -2.886092814666471899e+41  9.469470118258138476e+40
2.666504599609374964e+02  6.641929999999999801e+33 -7.696397979749375953e+48  1.554872647093749929e+47  6.020998712138124858e+48  1.408215309985478675e+41 -2.897390525584167602e+41  9.611789921803714336e+40
2.819092490234374964e+02  6.653520000000000266e+33 -7.713849644788437773e+48  7.575917349242190002e+47  6.538169932841249385e+48  1.445695592367656035e+41 -2.898967167416495743e+41  9.652299481718958931e+40
2.981217124023437464e+02  6.662040000000000037e+33 -7.802386190198593915e+48  1.307129037170311929e+48  6.877226351298280342e+48  1.481234448273712340e+41 -2.900418798897774136e+41  9.687060564542096666e+40
3.162415244140624964e+02  6.672500000000000382e+33 -7.822233380139999934e+48  2.036307665099999953e+48  7.182004913309999764e+48  1.505526319086745955e+41 -2.901546850976621260e+41  9.640106796588280472e+40
3.343613364257812464e+02  6.681740000000000556e+33 -7.775611790784532470e+48  2.404497757873437677e+48  7.768960052470156270e+48  1.536700807166225030e+41 -2.906619839574126271e+41  9.614517895668506219e+40
3.534348227539062464e+02  6.692149113769531060e+33 -7.794691607679063349e+48  2.783395892639062326e+48  8.243784027079531331e+48  1.566788755524840635e+41 -2.908784563721144127e+41  9.519894861508090907e+40
3.734619833984374964e+02  6.703479916992187622e+33 -7.451564625257187972e+48  3.254057997131249534e+48  8.762114166239687349e+48  1.594927480659202109e+41 -2.914254885027447521e+41  9.421041917744154155e+40
4.192383505859374964e+02  6.726509999999999603e+33 -7.067215133069687565e+48  4.065172923889062314e+48  1.013173491330999913e+49  1.639483666993541381e+41 -2.935532037346580486e+41  9.254953306484777586e+40
4.421265341796874964e+02  6.732389999999999819e+33 -6.987005709241562830e+48  4.576319513244530695e+48  1.018362326780218593e+49  1.651383557398392977e+41 -2.941606961685100644e+41  9.216402399287674806e+40
4.688294150390624964e+02  6.740200000000000474e+33 -6.904812342542344626e+48  5.204824928283594114e+48  1.045952453733343693e+49  1.663881866257822494e+41 -2.954911898750902086e+41  9.227253943884316774e+40
4.955322958984374964e+02  6.746369999999999955e+33 -6.728161900647812186e+48  5.748189884338281147e+48  1.070294231077093737e+49  1.676726627353537938e+41 -2.961741869931689429e+41  9.206450471845086840e+40
5.241425253906249964e+02  6.751429999999999584e+33 -6.819253973401720406e+48  6.301232919006250310e+48  1.078213491331000007e+49  1.688551587651721510e+41 -2.966291036518049053e+41  9.201523324283619634e+40
5.546601035156249964e+02  6.756470000000000098e+33 -6.920824156507188225e+48  6.844047406310937686e+48  1.056923491331000008e+49  1.702924297762056801e+41 -2.979427243064222351e+41  9.225597109437731214e+40
5.851776816406249964e+02  6.760440000000000142e+33 -6.794785369886093318e+48  7.310291695861718976e+48  1.040623093381781222e+49  1.714814146255109954e+41 -2.987335088709937875e+41  9.199413969419256991e+40
6.195099570312499964e+02  6.763890000000000151e+33 -6.601583564291786180e+48  7.730056744341071620e+48  1.026543429947071366e+49  1.726035489639218631e+41 -2.992985885871511668e+41  9.218838862309822826e+40
6.557495810546874964e+02  6.768490000000000547e+33 -6.220898093274766447e+48  8.149533999328516463e+48  1.014954015012640520e+49  1.745567544389306310e+41 -2.999069109503496467e+41  9.247811323920301466e+40
6.938965537109374964e+02  6.772399999999999789e+33 -5.866366169446641716e+48  8.446469855041405151e+48  1.035553491330999997e+49  1.754754157620476032e+41 -3.000455492459794108e+41  9.234714646267344611e+40
7.339508749999999964e+02  6.776840000000000352e+33 -5.522404005140000006e+48  8.740696415100000111e+48  1.068223335081000031e+49  1.759146601175198586e+41 -3.003324446310398852e+41  9.227619105077484168e+40
7.759125449218749964e+02  6.782770000000000083e+33 -5.198003380139999774e+48  9.354437665100000050e+48  1.078053491330999985e+49  1.763775708310483492e+41 -3.010294962036565983e+41  9.210149747445758920e+40
8.216889121093749964e+02  6.789780000000000419e+33 -4.888873709729843148e+48  9.878805467834375360e+48  1.121333491330999950e+49  1.765343033804030753e+41 -3.014679144279422790e+41  9.255563594689869237e+40
8.712799765624999964e+02  6.797819999999999537e+33 -4.905253321546250280e+48  1.057500707916250048e+49  1.170643491331000028e+49  1.771376728582003233e+41 -3.021911069048166941e+41  9.253769421010359722e+40
9.208710410156249964e+02  6.803580000000000455e+33 -4.845303380140000078e+48  1.117960766509999939e+49  1.204453549924749964e+49  1.774759266258245291e+41 -3.027930053568253801e+41  9.280857182052221906e+40
9.742768027343749964e+02  6.809510000000000186e+33 -4.914342640393906164e+48  1.172980519927968568e+49  1.260093244748968510e+49  1.781528658623241025e+41 -3.037610231819821856e+41  9.307804126222581636e+40
1.027682564453124996e+03  6.813869999999999679e+33 -4.890289815686874850e+48  1.236377895416249705e+49  1.279717055784124708e+49  1.784524857434873688e+41 -3.041380440743714489e+41  9.293745850815482775e+40
1.088717720703124996e+03  6.818289999999999975e+33 -4.818113380140000178e+48  1.298540766510000043e+49  1.294603491330999895e+49  1.786062470723146718e+41 -3.048989624425793816e+41  9.312822223179474109e+40
1.153567574218749996e+03  6.822489999999999635e+33 -4.604648370374375004e+48  1.358779340728750008e+49  1.308932778440374983e+49  1.791511101146869121e+41 -3.058071420016211638e+41  9.334488935488210026e+40
1.218417427734374996e+03  6.825769999999999677e+33 -4.672172331962916202e+48  1.411200766510000048e+49  1.325773491331000081e+49  1.802135183748173161e+41 -3.062773263117093687e+41  9.333834400380355220e+40
1.290896675781249996e+03  6.828799999999999835e+33 -4.800611055921249949e+48  1.460660766509999952e+49  1.343422329221624952e+49  1.802597264936228251e+41 -3.068340047308996452e+41  9.346621416127191930e+40
1.363375923828124996e+03  6.831959999999999425e+33 -4.773646710218124421e+48  1.517677690338125188e+49  1.351982465940374785e+49  1.809291205432588901e+41 -3.074025961572879237e+41  9.351324142048272951e+40
1.443484566406249996e+03  6.834649999999999650e+33 -4.696260769462916640e+48  1.567749288645416464e+49  1.364082013466416636e+49  1.811325144974579973e+41 -3.078386906794609599e+41  9.368806849037561499e+40
1.527407906249999996e+03  6.837610000000000025e+33 -4.574832833264999568e+48  1.619429672759999815e+49  1.383982397580999912e+49  1.816359497909593909e+41 -3.083602766853289366e+41  9.379551210694115982e+40
1.618960640624999996e+03  6.840800000000000016e+33 -4.448585020764999661e+48  1.677781313384999959e+49  1.399053491331000006e+49  1.819294828493378773e+41 -3.088820088066629164e+41  9.392528980949461055e+40
1.710513374999999996e+03  6.843850000000000442e+33 -4.635455046806666510e+48  1.732942224843333211e+49  1.394373491330999884e+49  1.822884604310483773e+41 -3.092624252115431062e+41  9.409611480116956660e+40
1.809695503906249996e+03  6.847259999999999916e+33 -4.372053380139999750e+48  1.789640766510000029e+49  1.394433491331000022e+49  1.828242538525478979e+41 -3.096503964296440657e+41  9.412388924955486309e+40
1.916507027343749996e+03  6.851469999999999710e+33 -4.033437325452500185e+48  1.845569780181874939e+49  1.429442505002874919e+49  1.827379928351016243e+41 -3.096671115786904122e+41  9.397591774519892726e+40
2.023318550781249996e+03  6.856289999999999589e+33 -3.677342930921249788e+48  1.912200766509999963e+49  1.469703491330999896e+49  1.832654254594056514e+41 -3.103446011940669407e+41  9.400423449994145748e+40
